,observed_value,prediction,classifier,name_short,matrix,polarity,fold
0,True,True,MLP,2-Oxoglutaric acid,9AA,negative,0
1,True,True,MLP,3-Hydroxyanthranilic acid,9AA,negative,0
2,True,True,MLP,3-Phosphoglyceric acid,9AA,negative,0
3,True,True,MLP,"4,5-Dihydroorotic acid",9AA,negative,0
4,True,True,MLP,4-Hydroxyproline,9AA,negative,0
5,True,True,MLP,5-Hydroxyindoleacetic acid,9AA,negative,0
6,True,True,MLP,6-Phosphogluconic acid,9AA,negative,0
7,True,True,MLP,Acetyl-CoA,9AA,negative,0
8,True,True,MLP,Adenine,9AA,negative,0
9,True,False,MLP,Adenosine diphosphate,9AA,negative,0
10,True,False,MLP,Adenosine monophosphate,9AA,negative,0
11,True,True,MLP,Arginine,9AA,negative,0
12,True,True,MLP,Argininosuccinic acid,9AA,negative,0
13,False,True,MLP,3-Hydroxymethylglutaric acid,9AA,negative,0
14,False,False,MLP,Acetoacetic acid,9AA,negative,0
15,False,False,MLP,Acetylcarnitine,9AA,negative,0
16,False,False,MLP,Acetylcholine,9AA,negative,0
17,False,False,MLP,Agmatine,9AA,negative,0
0,True,True,MLP,Ascorbic acid,9AA,negative,1
1,True,True,MLP,Asparagine,9AA,negative,1
2,True,True,MLP,Aspartic acid,9AA,negative,1
3,True,True,MLP,Cardiolipin 18:1,9AA,negative,1
4,True,False,MLP,Carnitine,9AA,negative,1
5,True,True,MLP,Carnosine,9AA,negative,1
6,True,False,MLP,Cer d8:1/22:0 Cer,9AA,negative,1
7,True,True,MLP,Cholic acid,9AA,negative,1
8,True,True,MLP,Citric acid,9AA,negative,1
9,True,True,MLP,Citrulline,9AA,negative,1
10,True,True,MLP,Coenzyme A,9AA,negative,1
11,True,True,MLP,Creatine,9AA,negative,1
12,True,True,MLP,Creatinine,9AA,negative,1
13,False,True,MLP,Biotin,9AA,negative,1
14,False,False,MLP,Butyric acid,9AA,negative,1
15,False,False,MLP,CAR 16:0,9AA,negative,1
16,False,False,MLP,Cholecalciferol,9AA,negative,1
0,True,True,MLP,Cysteine,9AA,negative,2
1,True,True,MLP,Cystine,9AA,negative,2
2,True,True,MLP,Cytidine,9AA,negative,2
3,True,True,MLP,Cytosine,9AA,negative,2
4,True,True,MLP,Dihydroxyacetone phosphate,9AA,negative,2
5,True,False,MLP,Dopamine,9AA,negative,2
6,True,False,MLP,Epinephrine,9AA,negative,2
7,True,True,MLP,Flavin adenine dinucleotide,9AA,negative,2
8,True,True,MLP,Flavin mononucleotide,9AA,negative,2
9,True,True,MLP,"Fructose 1,6-bisphosphate",9AA,negative,2
10,True,True,MLP,GM3 Ganglioside 18:0,9AA,negative,2
11,True,False,MLP,GlcCer d18:1/18:0,9AA,negative,2
12,False,False,MLP,Cholesterol,9AA,negative,2
13,False,False,MLP,Cholesteryl acetate,9AA,negative,2
14,False,False,MLP,Choline,9AA,negative,2
15,False,True,MLP,Cyclic adenosine monophosphate,9AA,negative,2
0,True,True,MLP,Gluconic acid,9AA,negative,3
1,True,True,MLP,Glucosamine 6-phosphate,9AA,negative,3
2,True,True,MLP,Glucose,9AA,negative,3
3,True,True,MLP,Glucose 6-phosphate,9AA,negative,3
4,True,True,MLP,Glucosyl cholesterol,9AA,negative,3
5,True,True,MLP,Glutamic acid,9AA,negative,3
6,True,True,MLP,Glutamine,9AA,negative,3
7,True,True,MLP,Glutathione,9AA,negative,3
8,True,True,MLP,Glycerol 3-phosphate,9AA,negative,3
9,True,True,MLP,Glycine,9AA,negative,3
10,True,True,MLP,Guanine,9AA,negative,3
11,True,False,MLP,Histamine,9AA,negative,3
12,False,True,MLP,Cytidine monophosphate,9AA,negative,3
13,False,True,MLP,Dihydroxyacetone,9AA,negative,3
14,False,False,MLP,Estradiol,9AA,negative,3
15,False,False,MLP,Folic acid,9AA,negative,3
0,True,True,MLP,Histidine,9AA,negative,4
1,True,True,MLP,Hypoxanthine,9AA,negative,4
2,True,False,MLP,Kynurenic acid,9AA,negative,4
3,True,True,MLP,Kynurenine,9AA,negative,4
4,True,True,MLP,L-Dopa,9AA,negative,4
5,True,True,MLP,Lyso PA 18:1,9AA,negative,4
6,True,True,MLP,Lyso PC 15:0,9AA,negative,4
7,True,True,MLP,Lyso PE 18:0,9AA,negative,4
8,True,True,MLP,Lyso PG 16:0,9AA,negative,4
9,True,True,MLP,Lyso PI 17:1,9AA,negative,4
10,True,True,MLP,Lyso PS 17:1,9AA,negative,4
11,True,True,MLP,Malic acid,9AA,negative,4
12,False,False,MLP,Fumaric acid,9AA,negative,4
13,False,False,MLP,Glucosamine,9AA,negative,4
14,False,False,MLP,Glycerophosphocholine,9AA,negative,4
15,False,True,MLP,Homocysteine,9AA,negative,4
0,True,False,MLP,Malonic acid,9AA,negative,5
1,True,False,MLP,Melatonin,9AA,negative,5
2,True,True,MLP,Methionine,9AA,negative,5
3,True,True,MLP,Mevalonic acid,9AA,negative,5
4,True,True,MLP,Myo-inositol 1-phosphate,9AA,negative,5
5,True,True,MLP,N-Acetylaspartic acid,9AA,negative,5
6,True,True,MLP,N-Acetylaspartylglutamic acid,9AA,negative,5
7,True,True,MLP,N-Acetylgalactosamine 6-phosphate,9AA,negative,5
8,True,True,MLP,N-Acetylglucosamine,9AA,negative,5
9,True,True,MLP,"N6,N6,N6-Trimethyllysine",9AA,negative,5
10,True,False,MLP,Nicotinamide adenine dinucleotide (NAD),9AA,negative,5
11,True,False,MLP,"Nicotinamide adenine dinucleotide, reduced (NADH)",9AA,negative,5
12,False,True,MLP,Lactic acid,9AA,negative,5
13,False,False,MLP,MG 18:1,9AA,negative,5
14,False,False,MLP,Niacinamide,9AA,negative,5
15,False,True,MLP,Nicotinamide riboside,9AA,negative,5
0,True,True,MLP,Ornithine,9AA,negative,6
1,True,True,MLP,Orotic acid,9AA,negative,6
2,True,True,MLP,Oxidized glutathione,9AA,negative,6
3,True,True,MLP,PA 16:0-18:1,9AA,negative,6
4,True,False,MLP,PC (O) C16-18:1,9AA,negative,6
5,True,False,MLP,PC 15:0-18:1,9AA,negative,6
6,True,True,MLP,PE 18:0-20:4,9AA,negative,6
7,True,True,MLP,PG 16:0-18:1,9AA,negative,6
8,True,True,MLP,PI 16:0-18:1,9AA,negative,6
9,True,True,MLP,PI(5)P 18:1,9AA,negative,6
10,True,True,MLP,PS (POPS) 16:0-18:1,9AA,negative,6
11,True,True,MLP,Palmitoyl-CoA,9AA,negative,6
12,False,True,MLP,Nicotinamide ribotide,9AA,negative,6
13,False,False,MLP,Nicotinic acid,9AA,negative,6
14,False,True,MLP,Oxalacetic acid,9AA,negative,6
15,False,False,MLP,Palmitic acid,9AA,negative,6
0,True,True,MLP,Pantetheine,9AA,negative,7
1,True,True,MLP,Pantothenic acid,9AA,negative,7
2,True,True,MLP,Phenylalanine,9AA,negative,7
3,True,True,MLP,Phosphocreatine,9AA,negative,7
4,True,True,MLP,Phosphoenolpyruvic acid,9AA,negative,7
5,True,True,MLP,Proline,9AA,negative,7
6,True,True,MLP,Prostaglandin E1,9AA,negative,7
7,True,True,MLP,Pyridoxine,9AA,negative,7
8,True,True,MLP,Quinolinic acid,9AA,negative,7
9,True,False,MLP,Riboflavin,9AA,negative,7
10,True,True,MLP,Ribulose,9AA,negative,7
11,True,True,MLP,Ribulose 5-phosphate,9AA,negative,7
12,False,False,MLP,Phylloquinone,9AA,negative,7
13,False,False,MLP,Propionylcarnitine,9AA,negative,7
14,False,False,MLP,Putrescine,9AA,negative,7
15,False,False,MLP,Pyruvic acid,9AA,negative,7
0,True,True,MLP,S-Adenosylhomocysteine,9AA,negative,8
1,True,True,MLP,SM d18:1-16:0,9AA,negative,8
2,True,True,MLP,Serine,9AA,negative,8
3,True,False,MLP,Succinic acid,9AA,negative,8
4,True,True,MLP,Sulfo GalCer 18:0(2S-OH),9AA,negative,8
5,True,True,MLP,Taurine,9AA,negative,8
6,True,True,MLP,Taurocholic acid,9AA,negative,8
7,True,False,MLP,Thymine,9AA,negative,8
8,True,True,MLP,Tryptophan,9AA,negative,8
9,True,True,MLP,Tyrosine,9AA,negative,8
10,True,False,MLP,Uracil,9AA,negative,8
11,True,True,MLP,Ureidosuccinic acid,9AA,negative,8
12,False,False,MLP,Retinoic acid,9AA,negative,8
13,False,True,MLP,S-Adenosylmethionine,9AA,negative,8
14,False,True,MLP,Serotonin,9AA,negative,8
15,False,False,MLP,Spermidine,9AA,negative,8
0,True,True,MLP,Uric acid,9AA,negative,9
1,True,True,MLP,Uridine,9AA,negative,9
2,True,True,MLP,Uridine diphosphate,9AA,negative,9
3,True,True,MLP,Uridine diphosphate glucose,9AA,negative,9
4,True,True,MLP,Uridine diphosphate glucuronic acid,9AA,negative,9
5,True,True,MLP,Uridine diphosphate-N-acetylglucosamine,9AA,negative,9
6,True,False,MLP,Urocanic acid,9AA,negative,9
7,True,True,MLP,Valine,9AA,negative,9
8,True,True,MLP,Xanthine,9AA,negative,9
9,True,True,MLP,cis-Aconitic acid,9AA,negative,9
10,True,True,MLP,gamma-Aminobutyric acid,9AA,negative,9
11,True,True,MLP,myo-Inositol,9AA,negative,9
12,False,False,MLP,TG 15:0-18:1-15:0,9AA,negative,9
13,False,True,MLP,Tetrahydrofolic acid,9AA,negative,9
14,False,False,MLP,Thiamine,9AA,negative,9
15,False,False,MLP,alpha-tocopherol,9AA,negative,9
0,True,False,MLP,4-Hydroxyproline,9AA,positive,0
1,True,True,MLP,Acetylcarnitine,9AA,positive,0
2,True,True,MLP,Acetylcholine,9AA,positive,0
3,True,True,MLP,Adenosine monophosphate,9AA,positive,0
4,True,False,MLP,Agmatine,9AA,positive,0
5,True,False,MLP,Arginine,9AA,positive,0
6,True,True,MLP,Argininosuccinic acid,9AA,positive,0
7,False,False,MLP,2-Oxoglutaric acid,9AA,positive,0
8,False,False,MLP,3-Hydroxyanthranilic acid,9AA,positive,0
9,False,False,MLP,3-Hydroxymethylglutaric acid,9AA,positive,0
10,False,False,MLP,3-Phosphoglyceric acid,9AA,positive,0
11,False,False,MLP,"4,5-Dihydroorotic acid",9AA,positive,0
12,False,False,MLP,5-Hydroxyindoleacetic acid,9AA,positive,0
13,False,False,MLP,Acetoacetic acid,9AA,positive,0
14,False,False,MLP,Acetyl-CoA,9AA,positive,0
15,False,True,MLP,Adenine,9AA,positive,0
0,True,True,MLP,CAR 16:0,9AA,positive,1
1,True,True,MLP,Carnitine,9AA,positive,1
2,True,True,MLP,Carnosine,9AA,positive,1
3,True,True,MLP,Cer d8:1/22:0 Cer,9AA,positive,1
4,True,True,MLP,Cholic acid,9AA,positive,1
5,True,True,MLP,Choline,9AA,positive,1
6,True,True,MLP,Citrulline,9AA,positive,1
7,False,True,MLP,Adenosine diphosphate,9AA,positive,1
8,False,False,MLP,Ascorbic acid,9AA,positive,1
9,False,True,MLP,Asparagine,9AA,positive,1
10,False,False,MLP,Aspartic acid,9AA,positive,1
11,False,True,MLP,Biotin,9AA,positive,1
12,False,False,MLP,Butyric acid,9AA,positive,1
13,False,True,MLP,Cardiolipin 18:1,9AA,positive,1
14,False,False,MLP,Cholecalciferol,9AA,positive,1
15,False,False,MLP,Cholesterol,9AA,positive,1
0,True,True,MLP,Creatine,9AA,positive,2
1,True,True,MLP,Creatinine,9AA,positive,2
2,True,True,MLP,Cyclic adenosine monophosphate,9AA,positive,2
3,True,True,MLP,Cytidine,9AA,positive,2
4,True,False,MLP,Cytidine monophosphate,9AA,positive,2
5,True,False,MLP,Cytosine,9AA,positive,2
6,True,False,MLP,Flavin mononucleotide,9AA,positive,2
7,False,False,MLP,Cholesteryl acetate,9AA,positive,2
8,False,False,MLP,Cholesteryl ester 17:0,9AA,positive,2
9,False,False,MLP,Citric acid,9AA,positive,2
10,False,False,MLP,Coenzyme A,9AA,positive,2
11,False,False,MLP,Cysteine,9AA,positive,2
12,False,True,MLP,DG 18:0-22:6,9AA,positive,2
13,False,False,MLP,Dihydroxyacetone,9AA,positive,2
14,False,False,MLP,Dihydroxyacetone phosphate,9AA,positive,2
15,False,False,MLP,Dopamine,9AA,positive,2
0,True,True,MLP,Folic acid,9AA,positive,3
1,True,True,MLP,GlcCer d18:1/18:0,9AA,positive,3
2,True,True,MLP,Glucosyl cholesterol,9AA,positive,3
3,True,True,MLP,Glutamine,9AA,positive,3
4,True,True,MLP,Glutathione,9AA,positive,3
5,True,True,MLP,Glycerophosphocholine,9AA,positive,3
6,True,False,MLP,Guanine,9AA,positive,3
7,False,True,MLP,Epinephrine,9AA,positive,3
8,False,False,MLP,Flavin adenine dinucleotide,9AA,positive,3
9,False,False,MLP,"Fructose 1,6-bisphosphate",9AA,positive,3
10,False,False,MLP,Fumaric acid,9AA,positive,3
11,False,True,MLP,GM3 Ganglioside 18:0,9AA,positive,3
12,False,False,MLP,Gluconic acid,9AA,positive,3
13,False,True,MLP,Glucosamine,9AA,positive,3
14,False,True,MLP,Glucosamine 6-phosphate,9AA,positive,3
15,False,False,MLP,Glucose,9AA,positive,3
0,True,False,MLP,Histamine,9AA,positive,4
1,True,True,MLP,Histidine,9AA,positive,4
2,True,True,MLP,Hypoxanthine,9AA,positive,4
3,True,True,MLP,Kynurenine,9AA,positive,4
4,True,True,MLP,Lyso PA 18:1,9AA,positive,4
5,True,True,MLP,Lyso PC 15:0,9AA,positive,4
6,True,True,MLP,Lyso PE 18:0,9AA,positive,4
7,False,False,MLP,Glutamic acid,9AA,positive,4
8,False,False,MLP,Glycerol 3-phosphate,9AA,positive,4
9,False,False,MLP,Glycine,9AA,positive,4
10,False,False,MLP,Homocysteine,9AA,positive,4
11,False,True,MLP,Kynurenic acid,9AA,positive,4
12,False,True,MLP,L-Dopa,9AA,positive,4
13,False,False,MLP,Lactic acid,9AA,positive,4
14,False,False,MLP,Malic acid,9AA,positive,4
15,False,False,MLP,Malonic acid,9AA,positive,4
0,True,True,MLP,Lyso PG 16:0,9AA,positive,5
1,True,False,MLP,Lyso PI 17:1,9AA,positive,5
2,True,True,MLP,Lyso PS 17:1,9AA,positive,5
3,True,False,MLP,MG 18:1,9AA,positive,5
4,True,False,MLP,Mevalonic acid,9AA,positive,5
5,True,True,MLP,N-Acetylaspartylglutamic acid,9AA,positive,5
6,True,False,MLP,N-Acetylglucosamine,9AA,positive,5
7,False,False,MLP,Melatonin,9AA,positive,5
8,False,False,MLP,Methionine,9AA,positive,5
9,False,False,MLP,N-Acetylaspartic acid,9AA,positive,5
10,False,False,MLP,N-Acetylgalactosamine 6-phosphate,9AA,positive,5
11,False,True,MLP,Niacinamide,9AA,positive,5
12,False,True,MLP,Nicotinic acid,9AA,positive,5
13,False,True,MLP,Ornithine,9AA,positive,5
14,False,False,MLP,Orotic acid,9AA,positive,5
15,False,False,MLP,Oxalacetic acid,9AA,positive,5
0,True,False,MLP,"N6,N6,N6-Trimethyllysine",9AA,positive,6
1,True,False,MLP,Nicotinamide adenine dinucleotide (NAD),9AA,positive,6
2,True,False,MLP,"Nicotinamide adenine dinucleotide, reduced (NADH)",9AA,positive,6
3,True,True,MLP,Nicotinamide riboside,9AA,positive,6
4,True,True,MLP,Nicotinamide ribotide,9AA,positive,6
5,True,False,MLP,Oxidized glutathione,9AA,positive,6
6,True,True,MLP,PA 16:0-18:1,9AA,positive,6
7,False,True,MLP,PE 18:0-20:4,9AA,positive,6
8,False,True,MLP,PI 16:0-18:1,9AA,positive,6
9,False,False,MLP,PI(5)P 18:1,9AA,positive,6
10,False,False,MLP,Palmitic acid,9AA,positive,6
11,False,False,MLP,Palmitoyl-CoA,9AA,positive,6
12,False,True,MLP,Pantothenic acid,9AA,positive,6
13,False,False,MLP,Phenylalanine,9AA,positive,6
14,False,False,MLP,Phosphoenolpyruvic acid,9AA,positive,6
15,False,False,MLP,Proline,9AA,positive,6
0,True,True,MLP,PC (O) C16-18:1,9AA,positive,7
1,True,True,MLP,PC 15:0-18:1,9AA,positive,7
2,True,True,MLP,PG 16:0-18:1,9AA,positive,7
3,True,True,MLP,PS (POPS) 16:0-18:1,9AA,positive,7
4,True,True,MLP,Pantetheine,9AA,positive,7
5,True,True,MLP,Propionylcarnitine,9AA,positive,7
6,False,True,MLP,Putrescine,9AA,positive,7
7,False,False,MLP,Pyruvic acid,9AA,positive,7
8,False,False,MLP,Quinolinic acid,9AA,positive,7
9,False,False,MLP,Retinoic acid,9AA,positive,7
10,False,False,MLP,Ribulose,9AA,positive,7
11,False,False,MLP,Serine,9AA,positive,7
12,False,True,MLP,Serotonin,9AA,positive,7
13,False,False,MLP,Succinic acid,9AA,positive,7
14,False,False,MLP,Sulfo GalCer 18:0(2S-OH),9AA,positive,7
0,True,True,MLP,Prostaglandin E1,9AA,positive,8
1,True,True,MLP,Pyridoxine,9AA,positive,8
2,True,True,MLP,Riboflavin,9AA,positive,8
3,True,True,MLP,S-Adenosylhomocysteine,9AA,positive,8
4,True,True,MLP,S-Adenosylmethionine,9AA,positive,8
5,True,True,MLP,SM d18:1-16:0,9AA,positive,8
6,False,False,MLP,Taurine,9AA,positive,8
7,False,False,MLP,Taurocholic acid,9AA,positive,8
8,False,False,MLP,Thymine,9AA,positive,8
9,False,True,MLP,Tyrosine,9AA,positive,8
10,False,False,MLP,Uracil,9AA,positive,8
11,False,False,MLP,Ureidosuccinic acid,9AA,positive,8
12,False,False,MLP,Uric acid,9AA,positive,8
13,False,True,MLP,Uridine,9AA,positive,8
14,False,False,MLP,Uridine diphosphate,9AA,positive,8
0,True,True,MLP,Spermidine,9AA,positive,9
1,True,False,MLP,TG 15:0-18:1-15:0,9AA,positive,9
2,True,True,MLP,Tetrahydrofolic acid,9AA,positive,9
3,True,True,MLP,Thiamine,9AA,positive,9
4,True,False,MLP,Tryptophan,9AA,positive,9
5,True,False,MLP,Urocanic acid,9AA,positive,9
6,False,False,MLP,Uridine diphosphate glucose,9AA,positive,9
7,False,False,MLP,Uridine diphosphate glucuronic acid,9AA,positive,9
8,False,False,MLP,Uridine diphosphate-N-acetylglucosamine,9AA,positive,9
9,False,False,MLP,Valine,9AA,positive,9
10,False,False,MLP,Xanthine,9AA,positive,9
11,False,True,MLP,alpha-tocopherol,9AA,positive,9
12,False,False,MLP,cis-Aconitic acid,9AA,positive,9
13,False,False,MLP,gamma-Aminobutyric acid,9AA,positive,9
14,False,False,MLP,myo-Inositol,9AA,positive,9
0,True,True,MLP,2-Oxoglutaric acid,CHCA,negative,0
1,True,True,MLP,3-Phosphoglyceric acid,CHCA,negative,0
2,True,True,MLP,"4,5-Dihydroorotic acid",CHCA,negative,0
3,True,True,MLP,6-Phosphogluconic acid,CHCA,negative,0
4,True,True,MLP,Acetyl-CoA,CHCA,negative,0
5,True,False,MLP,Adenosine diphosphate,CHCA,negative,0
6,True,True,MLP,Arginine,CHCA,negative,0
7,True,False,MLP,Argininosuccinic acid,CHCA,negative,0
8,False,True,MLP,3-Hydroxyanthranilic acid,CHCA,negative,0
9,False,True,MLP,3-Hydroxymethylglutaric acid,CHCA,negative,0
10,False,False,MLP,4-Hydroxyproline,CHCA,negative,0
11,False,False,MLP,5-Hydroxyindoleacetic acid,CHCA,negative,0
12,False,False,MLP,Acetoacetic acid,CHCA,negative,0
13,False,False,MLP,Acetylcarnitine,CHCA,negative,0
14,False,False,MLP,Acetylcholine,CHCA,negative,0
15,False,False,MLP,Adenine,CHCA,negative,0
16,False,False,MLP,Adenosine monophosphate,CHCA,negative,0
0,True,True,MLP,Ascorbic acid,CHCA,negative,1
1,True,True,MLP,Aspartic acid,CHCA,negative,1
2,True,True,MLP,Cardiolipin 18:1,CHCA,negative,1
3,True,False,MLP,Carnosine,CHCA,negative,1
4,True,False,MLP,Cholic acid,CHCA,negative,1
5,True,True,MLP,Citric acid,CHCA,negative,1
6,True,False,MLP,Citrulline,CHCA,negative,1
7,True,True,MLP,Coenzyme A,CHCA,negative,1
8,False,False,MLP,Agmatine,CHCA,negative,1
9,False,False,MLP,Asparagine,CHCA,negative,1
10,False,True,MLP,Biotin,CHCA,negative,1
11,False,False,MLP,Butyric acid,CHCA,negative,1
12,False,False,MLP,CAR 16:0,CHCA,negative,1
13,False,False,MLP,Carnitine,CHCA,negative,1
14,False,False,MLP,Cer d8:1/22:0 Cer,CHCA,negative,1
15,False,False,MLP,Cholecalciferol,CHCA,negative,1
16,False,False,MLP,Choline,CHCA,negative,1
0,True,False,MLP,Cysteine,CHCA,negative,2
1,True,True,MLP,Dihydroxyacetone phosphate,CHCA,negative,2
2,True,True,MLP,Flavin adenine dinucleotide,CHCA,negative,2
3,True,True,MLP,"Fructose 1,6-bisphosphate",CHCA,negative,2
4,True,True,MLP,Fumaric acid,CHCA,negative,2
5,True,True,MLP,GM3 Ganglioside 18:0,CHCA,negative,2
6,True,True,MLP,Gluconic acid,CHCA,negative,2
7,False,False,MLP,Creatine,CHCA,negative,2
8,False,False,MLP,Creatinine,CHCA,negative,2
9,False,False,MLP,Cyclic adenosine monophosphate,CHCA,negative,2
10,False,False,MLP,Cystine,CHCA,negative,2
11,False,False,MLP,Cytidine,CHCA,negative,2
12,False,False,MLP,Cytidine monophosphate,CHCA,negative,2
13,False,False,MLP,Cytosine,CHCA,negative,2
14,False,False,MLP,Dihydroxyacetone,CHCA,negative,2
15,False,False,MLP,Dopamine,CHCA,negative,2
0,True,False,MLP,Glucosamine 6-phosphate,CHCA,negative,3
1,True,True,MLP,Glucose 6-phosphate,CHCA,negative,3
2,True,True,MLP,Glutamic acid,CHCA,negative,3
3,True,True,MLP,Glycerol 3-phosphate,CHCA,negative,3
4,True,False,MLP,Histidine,CHCA,negative,3
5,True,False,MLP,Hypoxanthine,CHCA,negative,3
6,True,True,MLP,Lyso PA 18:1,CHCA,negative,3
7,False,False,MLP,Epinephrine,CHCA,negative,3
8,False,False,MLP,Estradiol,CHCA,negative,3
9,False,True,MLP,Flavin mononucleotide,CHCA,negative,3
10,False,False,MLP,Folic acid,CHCA,negative,3
11,False,True,MLP,GlcCer d18:1/18:0,CHCA,negative,3
12,False,False,MLP,Glucosamine,CHCA,negative,3
13,False,False,MLP,Glucose,CHCA,negative,3
14,False,False,MLP,Glutamine,CHCA,negative,3
15,False,True,MLP,Glutathione,CHCA,negative,3
0,True,True,MLP,Lyso PG 16:0,CHCA,negative,4
1,True,True,MLP,Lyso PI 17:1,CHCA,negative,4
2,True,True,MLP,Lyso PS 17:1,CHCA,negative,4
3,True,True,MLP,Malic acid,CHCA,negative,4
4,True,True,MLP,Malonic acid,CHCA,negative,4
5,True,False,MLP,Mevalonic acid,CHCA,negative,4
6,True,True,MLP,Myo-inositol 1-phosphate,CHCA,negative,4
7,False,False,MLP,Glycerophosphocholine,CHCA,negative,4
8,False,True,MLP,Glycine,CHCA,negative,4
9,False,False,MLP,Guanine,CHCA,negative,4
10,False,False,MLP,Histamine,CHCA,negative,4
11,False,True,MLP,Homocysteine,CHCA,negative,4
12,False,False,MLP,Kynurenic acid,CHCA,negative,4
13,False,False,MLP,Kynurenine,CHCA,negative,4
14,False,False,MLP,L-Dopa,CHCA,negative,4
0,True,False,MLP,N-Acetylaspartic acid,CHCA,negative,5
1,True,False,MLP,N-Acetylaspartylglutamic acid,CHCA,negative,5
2,True,True,MLP,"Nicotinamide adenine dinucleotide, reduced (NADH)",CHCA,negative,5
3,True,True,MLP,Orotic acid,CHCA,negative,5
4,True,True,MLP,Oxalacetic acid,CHCA,negative,5
5,True,True,MLP,Oxidized glutathione,CHCA,negative,5
6,True,True,MLP,PA 16:0-18:1,CHCA,negative,5
7,False,True,MLP,Lactic acid,CHCA,negative,5
8,False,False,MLP,Lyso PC 15:0,CHCA,negative,5
9,False,True,MLP,Lyso PE 18:0,CHCA,negative,5
10,False,False,MLP,MG 18:1,CHCA,negative,5
11,False,False,MLP,Melatonin,CHCA,negative,5
12,False,True,MLP,Methionine,CHCA,negative,5
13,False,False,MLP,N-Acetylgalactosamine 6-phosphate,CHCA,negative,5
14,False,False,MLP,N-Acetylglucosamine,CHCA,negative,5
0,True,False,MLP,PE 18:0-20:4,CHCA,negative,6
1,True,True,MLP,PG 16:0-18:1,CHCA,negative,6
2,True,True,MLP,PI 16:0-18:1,CHCA,negative,6
3,True,True,MLP,PI(5)P 18:1,CHCA,negative,6
4,True,True,MLP,PS (POPS) 16:0-18:1,CHCA,negative,6
5,True,True,MLP,Palmitoyl-CoA,CHCA,negative,6
6,True,False,MLP,Pantetheine,CHCA,negative,6
7,False,False,MLP,"N6,N6,N6-Trimethyllysine",CHCA,negative,6
8,False,False,MLP,Niacinamide,CHCA,negative,6
9,False,True,MLP,Nicotinamide adenine dinucleotide (NAD),CHCA,negative,6
10,False,False,MLP,Nicotinamide riboside,CHCA,negative,6
11,False,True,MLP,Nicotinamide ribotide,CHCA,negative,6
12,False,False,MLP,Nicotinic acid,CHCA,negative,6
13,False,False,MLP,Ornithine,CHCA,negative,6
14,False,False,MLP,Palmitic acid,CHCA,negative,6
0,True,False,MLP,Pantothenic acid,CHCA,negative,7
1,True,False,MLP,Phenylalanine,CHCA,negative,7
2,True,True,MLP,Phosphoenolpyruvic acid,CHCA,negative,7
3,True,False,MLP,Proline,CHCA,negative,7
4,True,False,MLP,Quinolinic acid,CHCA,negative,7
5,True,True,MLP,Ribulose 5-phosphate,CHCA,negative,7
6,True,False,MLP,S-Adenosylhomocysteine,CHCA,negative,7
7,False,True,MLP,Phosphocreatine,CHCA,negative,7
8,False,False,MLP,Phylloquinone,CHCA,negative,7
9,False,False,MLP,Propionylcarnitine,CHCA,negative,7
10,False,True,MLP,Prostaglandin E1,CHCA,negative,7
11,False,False,MLP,Putrescine,CHCA,negative,7
12,False,False,MLP,Pyridoxine,CHCA,negative,7
13,False,False,MLP,Pyruvic acid,CHCA,negative,7
14,False,False,MLP,Retinoic acid,CHCA,negative,7
0,True,True,MLP,Succinic acid,CHCA,negative,8
1,True,True,MLP,Sulfo GalCer 18:0(2S-OH),CHCA,negative,8
2,True,False,MLP,Taurine,CHCA,negative,8
3,True,False,MLP,Taurocholic acid,CHCA,negative,8
4,True,False,MLP,Tryptophan,CHCA,negative,8
5,True,True,MLP,Ureidosuccinic acid,CHCA,negative,8
6,True,True,MLP,Uridine diphosphate,CHCA,negative,8
7,False,False,MLP,Riboflavin,CHCA,negative,8
8,False,False,MLP,Ribulose,CHCA,negative,8
9,False,True,MLP,S-Adenosylmethionine,CHCA,negative,8
10,False,False,MLP,Serine,CHCA,negative,8
11,False,False,MLP,Serotonin,CHCA,negative,8
12,False,False,MLP,Spermidine,CHCA,negative,8
13,False,False,MLP,Tetrahydrofolic acid,CHCA,negative,8
14,False,False,MLP,Thiamine,CHCA,negative,8
0,True,True,MLP,Uridine diphosphate glucose,CHCA,negative,9
1,True,True,MLP,Uridine diphosphate glucuronic acid,CHCA,negative,9
2,True,True,MLP,Uridine diphosphate-N-acetylglucosamine,CHCA,negative,9
3,True,False,MLP,Urocanic acid,CHCA,negative,9
4,True,True,MLP,Xanthine,CHCA,negative,9
5,True,True,MLP,cis-Aconitic acid,CHCA,negative,9
6,True,False,MLP,myo-Inositol,CHCA,negative,9
7,False,False,MLP,Thymine,CHCA,negative,9
8,False,False,MLP,Tyrosine,CHCA,negative,9
9,False,False,MLP,Uracil,CHCA,negative,9
10,False,True,MLP,Uric acid,CHCA,negative,9
11,False,False,MLP,Uridine,CHCA,negative,9
12,False,True,MLP,Valine,CHCA,negative,9
13,False,False,MLP,alpha-tocopherol,CHCA,negative,9
14,False,False,MLP,gamma-Aminobutyric acid,CHCA,negative,9
0,True,False,MLP,2-Oxoglutaric acid,CHCA,positive,0
1,True,True,MLP,3-Hydroxyanthranilic acid,CHCA,positive,0
2,True,True,MLP,3-Phosphoglyceric acid,CHCA,positive,0
3,True,False,MLP,"4,5-Dihydroorotic acid",CHCA,positive,0
4,True,True,MLP,4-Hydroxyproline,CHCA,positive,0
5,True,True,MLP,6-Phosphogluconic acid,CHCA,positive,0
6,True,True,MLP,Acetyl-CoA,CHCA,positive,0
7,True,True,MLP,Acetylcarnitine,CHCA,positive,0
8,True,True,MLP,Acetylcholine,CHCA,positive,0
9,True,True,MLP,Adenine,CHCA,positive,0
10,True,True,MLP,Adenosine diphosphate,CHCA,positive,0
11,True,True,MLP,Adenosine monophosphate,CHCA,positive,0
12,True,True,MLP,Agmatine,CHCA,positive,0
13,True,True,MLP,Arginine,CHCA,positive,0
14,True,True,MLP,Argininosuccinic acid,CHCA,positive,0
15,False,True,MLP,3-Hydroxymethylglutaric acid,CHCA,positive,0
16,False,False,MLP,Acetoacetic acid,CHCA,positive,0
0,True,True,MLP,Ascorbic acid,CHCA,positive,1
1,True,True,MLP,Asparagine,CHCA,positive,1
2,True,True,MLP,Aspartic acid,CHCA,positive,1
3,True,True,MLP,Biotin,CHCA,positive,1
4,True,True,MLP,CAR 16:0,CHCA,positive,1
5,True,True,MLP,Cardiolipin 18:1,CHCA,positive,1
6,True,True,MLP,Carnitine,CHCA,positive,1
7,True,True,MLP,Carnosine,CHCA,positive,1
8,True,True,MLP,Cer d8:1/22:0 Cer,CHCA,positive,1
9,True,False,MLP,Cholesteryl ester 17:0,CHCA,positive,1
10,True,True,MLP,Cholic acid,CHCA,positive,1
11,True,True,MLP,Choline,CHCA,positive,1
12,True,True,MLP,Citric acid,CHCA,positive,1
13,True,True,MLP,Citrulline,CHCA,positive,1
14,True,True,MLP,Coenzyme A,CHCA,positive,1
15,False,False,MLP,Butyric acid,CHCA,positive,1
16,False,False,MLP,Cholecalciferol,CHCA,positive,1
0,True,True,MLP,Creatine,CHCA,positive,2
1,True,True,MLP,Creatinine,CHCA,positive,2
2,True,True,MLP,Cyclic adenosine monophosphate,CHCA,positive,2
3,True,True,MLP,Cysteine,CHCA,positive,2
4,True,True,MLP,Cystine,CHCA,positive,2
5,True,True,MLP,Cytidine,CHCA,positive,2
6,True,True,MLP,Cytidine monophosphate,CHCA,positive,2
7,True,True,MLP,Cytosine,CHCA,positive,2
8,True,True,MLP,DG 18:0-22:6,CHCA,positive,2
9,True,True,MLP,Dihydroxyacetone phosphate,CHCA,positive,2
10,True,True,MLP,Dopamine,CHCA,positive,2
11,True,True,MLP,Epinephrine,CHCA,positive,2
12,True,True,MLP,Estradiol,CHCA,positive,2
13,True,True,MLP,Flavin adenine dinucleotide,CHCA,positive,2
14,True,True,MLP,Flavin mononucleotide,CHCA,positive,2
15,False,False,MLP,Cholesterol,CHCA,positive,2
16,False,True,MLP,Cholesteryl acetate,CHCA,positive,2
0,True,True,MLP,Folic acid,CHCA,positive,3
1,True,True,MLP,"Fructose 1,6-bisphosphate",CHCA,positive,3
2,True,True,MLP,Fumaric acid,CHCA,positive,3
3,True,True,MLP,GM3 Ganglioside 18:0,CHCA,positive,3
4,True,True,MLP,GlcCer d18:1/18:0,CHCA,positive,3
5,True,False,MLP,Gluconic acid,CHCA,positive,3
6,True,True,MLP,Glucosamine,CHCA,positive,3
7,True,True,MLP,Glucosamine 6-phosphate,CHCA,positive,3
8,True,True,MLP,Glucose 6-phosphate,CHCA,positive,3
9,True,True,MLP,Glucosyl cholesterol,CHCA,positive,3
10,True,True,MLP,Glutamic acid,CHCA,positive,3
11,True,True,MLP,Glutamine,CHCA,positive,3
12,True,True,MLP,Glutathione,CHCA,positive,3
13,True,True,MLP,Glycerol 3-phosphate,CHCA,positive,3
14,True,True,MLP,Glycerophosphocholine,CHCA,positive,3
15,False,False,MLP,Dihydroxyacetone,CHCA,positive,3
16,False,False,MLP,Glucose,CHCA,positive,3
0,True,True,MLP,Glycine,CHCA,positive,4
1,True,True,MLP,Histamine,CHCA,positive,4
2,True,True,MLP,Histidine,CHCA,positive,4
3,True,True,MLP,Homocysteine,CHCA,positive,4
4,True,True,MLP,Hypoxanthine,CHCA,positive,4
5,True,True,MLP,Kynurenine,CHCA,positive,4
6,True,True,MLP,L-Dopa,CHCA,positive,4
7,True,True,MLP,Lyso PA 18:1,CHCA,positive,4
8,True,True,MLP,Lyso PC 15:0,CHCA,positive,4
9,True,True,MLP,Lyso PE 18:0,CHCA,positive,4
10,True,True,MLP,Lyso PG 16:0,CHCA,positive,4
11,True,True,MLP,Lyso PI 17:1,CHCA,positive,4
12,True,True,MLP,Lyso PS 17:1,CHCA,positive,4
13,True,True,MLP,MG 18:1,CHCA,positive,4
14,True,False,MLP,Malic acid,CHCA,positive,4
15,False,True,MLP,Guanine,CHCA,positive,4
16,False,True,MLP,Kynurenic acid,CHCA,positive,4
0,True,False,MLP,Malonic acid,CHCA,positive,5
1,True,True,MLP,Melatonin,CHCA,positive,5
2,True,True,MLP,Methionine,CHCA,positive,5
3,True,True,MLP,Mevalonic acid,CHCA,positive,5
4,True,True,MLP,Myo-inositol 1-phosphate,CHCA,positive,5
5,True,False,MLP,N-Acetylaspartic acid,CHCA,positive,5
6,True,True,MLP,N-Acetylaspartylglutamic acid,CHCA,positive,5
7,True,True,MLP,N-Acetylgalactosamine 6-phosphate,CHCA,positive,5
8,True,True,MLP,N-Acetylglucosamine,CHCA,positive,5
9,True,True,MLP,"N6,N6,N6-Trimethyllysine",CHCA,positive,5
10,True,True,MLP,Niacinamide,CHCA,positive,5
11,True,True,MLP,Nicotinamide adenine dinucleotide (NAD),CHCA,positive,5
12,True,True,MLP,"Nicotinamide adenine dinucleotide, reduced (NADH)",CHCA,positive,5
13,True,True,MLP,Nicotinamide riboside,CHCA,positive,5
14,False,True,MLP,Lactic acid,CHCA,positive,5
15,False,True,MLP,Orotic acid,CHCA,positive,5
0,True,True,MLP,Nicotinamide ribotide,CHCA,positive,6
1,True,True,MLP,Nicotinic acid,CHCA,positive,6
2,True,True,MLP,Ornithine,CHCA,positive,6
3,True,True,MLP,Oxidized glutathione,CHCA,positive,6
4,True,True,MLP,PA 16:0-18:1,CHCA,positive,6
5,True,True,MLP,PC (O) C16-18:1,CHCA,positive,6
6,True,True,MLP,PC 15:0-18:1,CHCA,positive,6
7,True,True,MLP,PE 18:0-20:4,CHCA,positive,6
8,True,True,MLP,PG 16:0-18:1,CHCA,positive,6
9,True,True,MLP,PI 16:0-18:1,CHCA,positive,6
10,True,True,MLP,PI(5)P 18:1,CHCA,positive,6
11,True,True,MLP,PS (POPS) 16:0-18:1,CHCA,positive,6
12,True,True,MLP,Palmitoyl-CoA,CHCA,positive,6
13,True,True,MLP,Pantetheine,CHCA,positive,6
14,False,True,MLP,Oxalacetic acid,CHCA,positive,6
15,False,True,MLP,Palmitic acid,CHCA,positive,6
0,True,True,MLP,Pantothenic acid,CHCA,positive,7
1,True,True,MLP,Phenylalanine,CHCA,positive,7
2,True,True,MLP,Phosphoenolpyruvic acid,CHCA,positive,7
3,True,True,MLP,Phylloquinone,CHCA,positive,7
4,True,True,MLP,Proline,CHCA,positive,7
5,True,True,MLP,Propionylcarnitine,CHCA,positive,7
6,True,True,MLP,Prostaglandin E1,CHCA,positive,7
7,True,True,MLP,Putrescine,CHCA,positive,7
8,True,True,MLP,Pyridoxine,CHCA,positive,7
9,True,True,MLP,Quinolinic acid,CHCA,positive,7
10,True,False,MLP,Retinoic acid,CHCA,positive,7
11,True,True,MLP,Riboflavin,CHCA,positive,7
12,True,True,MLP,Ribulose 5-phosphate,CHCA,positive,7
13,True,True,MLP,S-Adenosylhomocysteine,CHCA,positive,7
14,False,True,MLP,Phosphocreatine,CHCA,positive,7
15,False,False,MLP,Pyruvic acid,CHCA,positive,7
0,True,True,MLP,S-Adenosylmethionine,CHCA,positive,8
1,True,True,MLP,SM d18:1-16:0,CHCA,positive,8
2,True,True,MLP,Serine,CHCA,positive,8
3,True,True,MLP,Serotonin,CHCA,positive,8
4,True,True,MLP,Spermidine,CHCA,positive,8
5,True,True,MLP,Succinic acid,CHCA,positive,8
6,True,True,MLP,Sulfo GalCer 18:0(2S-OH),CHCA,positive,8
7,True,True,MLP,TG 15:0-18:1-15:0,CHCA,positive,8
8,True,True,MLP,Taurine,CHCA,positive,8
9,True,True,MLP,Taurocholic acid,CHCA,positive,8
10,True,True,MLP,Tetrahydrofolic acid,CHCA,positive,8
11,True,True,MLP,Thiamine,CHCA,positive,8
12,True,True,MLP,Thymine,CHCA,positive,8
13,True,True,MLP,Tryptophan,CHCA,positive,8
14,False,False,MLP,Ribulose,CHCA,positive,8
15,False,True,MLP,Uridine diphosphate-N-acetylglucosamine,CHCA,positive,8
0,True,True,MLP,Tyrosine,CHCA,positive,9
1,True,True,MLP,Uracil,CHCA,positive,9
2,True,True,MLP,Ureidosuccinic acid,CHCA,positive,9
3,True,True,MLP,Uric acid,CHCA,positive,9
4,True,True,MLP,Uridine,CHCA,positive,9
5,True,True,MLP,Uridine diphosphate,CHCA,positive,9
6,True,False,MLP,Uridine diphosphate glucose,CHCA,positive,9
7,True,False,MLP,Uridine diphosphate glucuronic acid,CHCA,positive,9
8,True,True,MLP,Urocanic acid,CHCA,positive,9
9,True,True,MLP,Valine,CHCA,positive,9
10,True,True,MLP,Xanthine,CHCA,positive,9
11,True,True,MLP,alpha-tocopherol,CHCA,positive,9
12,True,True,MLP,cis-Aconitic acid,CHCA,positive,9
13,True,True,MLP,gamma-Aminobutyric acid,CHCA,positive,9
14,False,False,MLP,myo-Inositol,CHCA,positive,9
0,True,True,MLP,2-Oxoglutaric acid,CMBT,negative,0
1,True,True,MLP,3-Hydroxymethylglutaric acid,CMBT,negative,0
2,True,False,MLP,"4,5-Dihydroorotic acid",CMBT,negative,0
3,True,False,MLP,Asparagine,CMBT,negative,0
4,True,True,MLP,Aspartic acid,CMBT,negative,0
5,False,True,MLP,3-Hydroxyanthranilic acid,CMBT,negative,0
6,False,True,MLP,3-Phosphoglyceric acid,CMBT,negative,0
7,False,False,MLP,4-Hydroxyproline,CMBT,negative,0
8,False,True,MLP,5-Hydroxyindoleacetic acid,CMBT,negative,0
9,False,False,MLP,6-Phosphogluconic acid,CMBT,negative,0
10,False,False,MLP,Acetoacetic acid,CMBT,negative,0
11,False,True,MLP,Acetyl-CoA,CMBT,negative,0
12,False,False,MLP,Acetylcarnitine,CMBT,negative,0
13,False,False,MLP,Acetylcholine,CMBT,negative,0
14,False,False,MLP,Adenine,CMBT,negative,0
15,False,False,MLP,Adenosine diphosphate,CMBT,negative,0
0,True,False,MLP,Biotin,CMBT,negative,1
1,True,True,MLP,Cardiolipin 18:1,CMBT,negative,1
2,True,False,MLP,Carnosine,CMBT,negative,1
3,True,False,MLP,Cer d8:1/22:0 Cer,CMBT,negative,1
4,True,True,MLP,Citric acid,CMBT,negative,1
5,False,False,MLP,Adenosine monophosphate,CMBT,negative,1
6,False,False,MLP,Agmatine,CMBT,negative,1
7,False,False,MLP,Arginine,CMBT,negative,1
8,False,False,MLP,Argininosuccinic acid,CMBT,negative,1
9,False,True,MLP,Ascorbic acid,CMBT,negative,1
10,False,False,MLP,Butyric acid,CMBT,negative,1
11,False,False,MLP,Carnitine,CMBT,negative,1
12,False,False,MLP,Cholecalciferol,CMBT,negative,1
13,False,True,MLP,Cholic acid,CMBT,negative,1
14,False,False,MLP,Choline,CMBT,negative,1
15,False,False,MLP,Coenzyme A,CMBT,negative,1
0,True,True,MLP,Citrulline,CMBT,negative,2
1,True,False,MLP,Flavin adenine dinucleotide,CMBT,negative,2
2,True,False,MLP,Flavin mononucleotide,CMBT,negative,2
3,True,False,MLP,Folic acid,CMBT,negative,2
4,True,True,MLP,Fumaric acid,CMBT,negative,2
5,False,False,MLP,Creatine,CMBT,negative,2
6,False,False,MLP,Creatinine,CMBT,negative,2
7,False,False,MLP,Cyclic adenosine monophosphate,CMBT,negative,2
8,False,False,MLP,Cysteine,CMBT,negative,2
9,False,False,MLP,Cystine,CMBT,negative,2
10,False,True,MLP,Cytidine,CMBT,negative,2
11,False,False,MLP,Cytidine monophosphate,CMBT,negative,2
12,False,False,MLP,Cytosine,CMBT,negative,2
13,False,False,MLP,Dihydroxyacetone,CMBT,negative,2
14,False,False,MLP,Dihydroxyacetone phosphate,CMBT,negative,2
15,False,False,MLP,Dopamine,CMBT,negative,2
0,True,True,MLP,GM3 Ganglioside 18:0,CMBT,negative,3
1,True,False,MLP,Gluconic acid,CMBT,negative,3
2,True,True,MLP,Glucosyl cholesterol,CMBT,negative,3
3,True,True,MLP,Glutamic acid,CMBT,negative,3
4,True,False,MLP,Histidine,CMBT,negative,3
5,False,False,MLP,Epinephrine,CMBT,negative,3
6,False,False,MLP,Estradiol,CMBT,negative,3
7,False,False,MLP,"Fructose 1,6-bisphosphate",CMBT,negative,3
8,False,True,MLP,GlcCer d18:1/18:0,CMBT,negative,3
9,False,False,MLP,Glucosamine,CMBT,negative,3
10,False,False,MLP,Glucosamine 6-phosphate,CMBT,negative,3
11,False,False,MLP,Glucose,CMBT,negative,3
12,False,False,MLP,Glucose 6-phosphate,CMBT,negative,3
13,False,True,MLP,Glutamine,CMBT,negative,3
14,False,False,MLP,Glutathione,CMBT,negative,3
15,False,False,MLP,Glycerol 3-phosphate,CMBT,negative,3
0,True,False,MLP,Kynurenic acid,CMBT,negative,4
1,True,False,MLP,Lyso PA 18:1,CMBT,negative,4
2,True,True,MLP,Lyso PG 16:0,CMBT,negative,4
3,True,True,MLP,Lyso PI 17:1,CMBT,negative,4
4,True,False,MLP,Lyso PS 17:1,CMBT,negative,4
5,False,False,MLP,Glycerophosphocholine,CMBT,negative,4
6,False,False,MLP,Glycine,CMBT,negative,4
7,False,False,MLP,Guanine,CMBT,negative,4
8,False,False,MLP,Histamine,CMBT,negative,4
9,False,False,MLP,Homocysteine,CMBT,negative,4
10,False,False,MLP,Hypoxanthine,CMBT,negative,4
11,False,True,MLP,Kynurenine,CMBT,negative,4
12,False,False,MLP,L-Dopa,CMBT,negative,4
13,False,False,MLP,Lactic acid,CMBT,negative,4
14,False,False,MLP,Lyso PC 15:0,CMBT,negative,4
15,False,False,MLP,Lyso PE 18:0,CMBT,negative,4
0,True,False,MLP,Malic acid,CMBT,negative,5
1,True,True,MLP,N-Acetylaspartic acid,CMBT,negative,5
2,True,True,MLP,N-Acetylaspartylglutamic acid,CMBT,negative,5
3,True,False,MLP,N-Acetylglucosamine,CMBT,negative,5
4,True,True,MLP,PG 16:0-18:1,CMBT,negative,5
5,False,False,MLP,Malonic acid,CMBT,negative,5
6,False,False,MLP,Melatonin,CMBT,negative,5
7,False,False,MLP,Methionine,CMBT,negative,5
8,False,False,MLP,Mevalonic acid,CMBT,negative,5
9,False,False,MLP,Myo-inositol 1-phosphate,CMBT,negative,5
10,False,False,MLP,N-Acetylgalactosamine 6-phosphate,CMBT,negative,5
11,False,False,MLP,"N6,N6,N6-Trimethyllysine",CMBT,negative,5
12,False,False,MLP,Niacinamide,CMBT,negative,5
13,False,False,MLP,Nicotinamide adenine dinucleotide (NAD),CMBT,negative,5
14,False,True,MLP,"Nicotinamide adenine dinucleotide, reduced (NADH)",CMBT,negative,5
15,False,False,MLP,Nicotinamide riboside,CMBT,negative,5
0,True,True,MLP,PI 16:0-18:1,CMBT,negative,6
1,True,True,MLP,PI(5)P 18:1,CMBT,negative,6
2,True,True,MLP,PS (POPS) 16:0-18:1,CMBT,negative,6
3,True,True,MLP,Palmitoyl-CoA,CMBT,negative,6
4,True,True,MLP,Pantetheine,CMBT,negative,6
5,False,True,MLP,Nicotinamide ribotide,CMBT,negative,6
6,False,False,MLP,Nicotinic acid,CMBT,negative,6
7,False,False,MLP,Ornithine,CMBT,negative,6
8,False,True,MLP,Orotic acid,CMBT,negative,6
9,False,True,MLP,Oxalacetic acid,CMBT,negative,6
10,False,False,MLP,Oxidized glutathione,CMBT,negative,6
11,False,True,MLP,PA 16:0-18:1,CMBT,negative,6
12,False,False,MLP,PC (O) C16-18:1,CMBT,negative,6
13,False,False,MLP,PC 15:0-18:1,CMBT,negative,6
14,False,False,MLP,PE 18:0-20:4,CMBT,negative,6
15,False,False,MLP,Palmitic acid,CMBT,negative,6
0,True,True,MLP,Pantothenic acid,CMBT,negative,7
1,True,False,MLP,Phosphoenolpyruvic acid,CMBT,negative,7
2,True,True,MLP,Quinolinic acid,CMBT,negative,7
3,True,True,MLP,Succinic acid,CMBT,negative,7
4,False,False,MLP,Phenylalanine,CMBT,negative,7
5,False,False,MLP,Phosphocreatine,CMBT,negative,7
6,False,False,MLP,Proline,CMBT,negative,7
7,False,False,MLP,Propionylcarnitine,CMBT,negative,7
8,False,False,MLP,Putrescine,CMBT,negative,7
9,False,False,MLP,Pyridoxine,CMBT,negative,7
10,False,False,MLP,Pyruvic acid,CMBT,negative,7
11,False,False,MLP,Retinoic acid,CMBT,negative,7
12,False,True,MLP,Riboflavin,CMBT,negative,7
13,False,False,MLP,Ribulose,CMBT,negative,7
14,False,False,MLP,Ribulose 5-phosphate,CMBT,negative,7
0,True,False,MLP,Sulfo GalCer 18:0(2S-OH),CMBT,negative,8
1,True,False,MLP,Taurine,CMBT,negative,8
2,True,False,MLP,Taurocholic acid,CMBT,negative,8
3,True,False,MLP,Uracil,CMBT,negative,8
4,False,False,MLP,S-Adenosylhomocysteine,CMBT,negative,8
5,False,False,MLP,SM d18:1-16:0,CMBT,negative,8
6,False,False,MLP,Serine,CMBT,negative,8
7,False,False,MLP,Serotonin,CMBT,negative,8
8,False,False,MLP,Spermidine,CMBT,negative,8
9,False,False,MLP,TG 15:0-18:1-15:0,CMBT,negative,8
10,False,True,MLP,Tetrahydrofolic acid,CMBT,negative,8
11,False,False,MLP,Thiamine,CMBT,negative,8
12,False,False,MLP,Thymine,CMBT,negative,8
13,False,False,MLP,Tryptophan,CMBT,negative,8
0,True,True,MLP,Ureidosuccinic acid,CMBT,negative,9
1,True,False,MLP,Uridine,CMBT,negative,9
2,True,True,MLP,Uridine diphosphate glucose,CMBT,negative,9
3,True,True,MLP,cis-Aconitic acid,CMBT,negative,9
4,False,False,MLP,Tyrosine,CMBT,negative,9
5,False,True,MLP,Uric acid,CMBT,negative,9
6,False,False,MLP,Uridine diphosphate,CMBT,negative,9
7,False,True,MLP,Uridine diphosphate glucuronic acid,CMBT,negative,9
8,False,True,MLP,Uridine diphosphate-N-acetylglucosamine,CMBT,negative,9
9,False,False,MLP,Urocanic acid,CMBT,negative,9
10,False,False,MLP,Valine,CMBT,negative,9
11,False,True,MLP,Xanthine,CMBT,negative,9
12,False,False,MLP,gamma-Aminobutyric acid,CMBT,negative,9
13,False,True,MLP,myo-Inositol,CMBT,negative,9
0,True,True,MLP,3-Hydroxymethylglutaric acid,CMBT,positive,0
1,True,False,MLP,"4,5-Dihydroorotic acid",CMBT,positive,0
2,True,False,MLP,4-Hydroxyproline,CMBT,positive,0
3,True,False,MLP,5-Hydroxyindoleacetic acid,CMBT,positive,0
4,True,True,MLP,Acetylcarnitine,CMBT,positive,0
5,True,False,MLP,Acetylcholine,CMBT,positive,0
6,True,True,MLP,Adenine,CMBT,positive,0
7,True,True,MLP,Adenosine monophosphate,CMBT,positive,0
8,True,True,MLP,Agmatine,CMBT,positive,0
9,True,True,MLP,Arginine,CMBT,positive,0
10,True,False,MLP,Argininosuccinic acid,CMBT,positive,0
11,True,True,MLP,Asparagine,CMBT,positive,0
12,False,False,MLP,2-Oxoglutaric acid,CMBT,positive,0
13,False,False,MLP,3-Hydroxyanthranilic acid,CMBT,positive,0
14,False,False,MLP,3-Phosphoglyceric acid,CMBT,positive,0
15,False,False,MLP,6-Phosphogluconic acid,CMBT,positive,0
16,False,False,MLP,Acetoacetic acid,CMBT,positive,0
0,True,False,MLP,Aspartic acid,CMBT,positive,1
1,True,True,MLP,Biotin,CMBT,positive,1
2,True,True,MLP,CAR 16:0,CMBT,positive,1
3,True,True,MLP,Cardiolipin 18:1,CMBT,positive,1
4,True,True,MLP,Carnitine,CMBT,positive,1
5,True,True,MLP,Carnosine,CMBT,positive,1
6,True,True,MLP,Cer d8:1/22:0 Cer,CMBT,positive,1
7,True,False,MLP,Cholesteryl ester 17:0,CMBT,positive,1
8,True,True,MLP,Cholic acid,CMBT,positive,1
9,True,False,MLP,Choline,CMBT,positive,1
10,True,True,MLP,Citric acid,CMBT,positive,1
11,True,True,MLP,Citrulline,CMBT,positive,1
12,False,True,MLP,Acetyl-CoA,CMBT,positive,1
13,False,True,MLP,Adenosine diphosphate,CMBT,positive,1
14,False,False,MLP,Ascorbic acid,CMBT,positive,1
15,False,False,MLP,Butyric acid,CMBT,positive,1
16,False,False,MLP,Cholecalciferol,CMBT,positive,1
0,True,False,MLP,Coenzyme A,CMBT,positive,2
1,True,True,MLP,Creatine,CMBT,positive,2
2,True,True,MLP,Creatinine,CMBT,positive,2
3,True,True,MLP,Cyclic adenosine monophosphate,CMBT,positive,2
4,True,True,MLP,Cytidine,CMBT,positive,2
5,True,False,MLP,Cytidine monophosphate,CMBT,positive,2
6,True,True,MLP,Cytosine,CMBT,positive,2
7,True,True,MLP,DG 18:0-22:6,CMBT,positive,2
8,True,True,MLP,Dopamine,CMBT,positive,2
9,True,True,MLP,Epinephrine,CMBT,positive,2
10,True,False,MLP,Flavin adenine dinucleotide,CMBT,positive,2
11,True,False,MLP,Flavin mononucleotide,CMBT,positive,2
12,False,False,MLP,Cholesterol,CMBT,positive,2
13,False,True,MLP,Cholesteryl acetate,CMBT,positive,2
14,False,False,MLP,Cysteine,CMBT,positive,2
15,False,True,MLP,Cystine,CMBT,positive,2
16,False,True,MLP,Dihydroxyacetone,CMBT,positive,2
0,True,True,MLP,Folic acid,CMBT,positive,3
1,True,False,MLP,Fumaric acid,CMBT,positive,3
2,True,False,MLP,GM3 Ganglioside 18:0,CMBT,positive,3
3,True,True,MLP,GlcCer d18:1/18:0,CMBT,positive,3
4,True,False,MLP,Gluconic acid,CMBT,positive,3
5,True,True,MLP,Glucosamine,CMBT,positive,3
6,True,False,MLP,Glucosamine 6-phosphate,CMBT,positive,3
7,True,True,MLP,Glucosyl cholesterol,CMBT,positive,3
8,True,False,MLP,Glutamic acid,CMBT,positive,3
9,True,True,MLP,Glutamine,CMBT,positive,3
10,True,True,MLP,Glutathione,CMBT,positive,3
11,True,True,MLP,Glycerophosphocholine,CMBT,positive,3
12,False,False,MLP,Dihydroxyacetone phosphate,CMBT,positive,3
13,False,True,MLP,Estradiol,CMBT,positive,3
14,False,True,MLP,"Fructose 1,6-bisphosphate",CMBT,positive,3
15,False,True,MLP,Glucose,CMBT,positive,3
16,False,False,MLP,Glucose 6-phosphate,CMBT,positive,3
0,True,True,MLP,Guanine,CMBT,positive,4
1,True,True,MLP,Histamine,CMBT,positive,4
2,True,True,MLP,Histidine,CMBT,positive,4
3,True,True,MLP,Hypoxanthine,CMBT,positive,4
4,True,False,MLP,Kynurenic acid,CMBT,positive,4
5,True,True,MLP,Kynurenine,CMBT,positive,4
6,True,True,MLP,Lyso PA 18:1,CMBT,positive,4
7,True,True,MLP,Lyso PC 15:0,CMBT,positive,4
8,True,True,MLP,Lyso PE 18:0,CMBT,positive,4
9,True,True,MLP,Lyso PG 16:0,CMBT,positive,4
10,True,True,MLP,Lyso PI 17:1,CMBT,positive,4
11,True,True,MLP,Lyso PS 17:1,CMBT,positive,4
12,False,False,MLP,Glycerol 3-phosphate,CMBT,positive,4
13,False,True,MLP,Glycine,CMBT,positive,4
14,False,True,MLP,Homocysteine,CMBT,positive,4
15,False,True,MLP,L-Dopa,CMBT,positive,4
16,False,False,MLP,Lactic acid,CMBT,positive,4
0,True,True,MLP,MG 18:1,CMBT,positive,5
1,True,False,MLP,Malic acid,CMBT,positive,5
2,True,True,MLP,Melatonin,CMBT,positive,5
3,True,False,MLP,Methionine,CMBT,positive,5
4,True,True,MLP,N-Acetylaspartic acid,CMBT,positive,5
5,True,True,MLP,N-Acetylaspartylglutamic acid,CMBT,positive,5
6,True,False,MLP,N-Acetylgalactosamine 6-phosphate,CMBT,positive,5
7,True,True,MLP,N-Acetylglucosamine,CMBT,positive,5
8,True,True,MLP,"N6,N6,N6-Trimethyllysine",CMBT,positive,5
9,True,True,MLP,Niacinamide,CMBT,positive,5
10,True,True,MLP,Nicotinamide riboside,CMBT,positive,5
11,True,False,MLP,Nicotinic acid,CMBT,positive,5
12,False,False,MLP,Malonic acid,CMBT,positive,5
13,False,False,MLP,Mevalonic acid,CMBT,positive,5
14,False,False,MLP,Myo-inositol 1-phosphate,CMBT,positive,5
15,False,True,MLP,Nicotinamide adenine dinucleotide (NAD),CMBT,positive,5
0,True,True,MLP,Ornithine,CMBT,positive,6
1,True,True,MLP,Oxidized glutathione,CMBT,positive,6
2,True,True,MLP,PA 16:0-18:1,CMBT,positive,6
3,True,True,MLP,PC (O) C16-18:1,CMBT,positive,6
4,True,True,MLP,PC 15:0-18:1,CMBT,positive,6
5,True,True,MLP,PE 18:0-20:4,CMBT,positive,6
6,True,True,MLP,PG 16:0-18:1,CMBT,positive,6
7,True,True,MLP,PI 16:0-18:1,CMBT,positive,6
8,True,True,MLP,PI(5)P 18:1,CMBT,positive,6
9,True,True,MLP,PS (POPS) 16:0-18:1,CMBT,positive,6
10,True,True,MLP,Palmitoyl-CoA,CMBT,positive,6
11,True,True,MLP,Pantetheine,CMBT,positive,6
12,False,True,MLP,"Nicotinamide adenine dinucleotide, reduced (NADH)",CMBT,positive,6
13,False,True,MLP,Nicotinamide ribotide,CMBT,positive,6
14,False,False,MLP,Orotic acid,CMBT,positive,6
15,False,False,MLP,Oxalacetic acid,CMBT,positive,6
0,True,True,MLP,Pantothenic acid,CMBT,positive,7
1,True,True,MLP,Phenylalanine,CMBT,positive,7
2,True,False,MLP,Phosphoenolpyruvic acid,CMBT,positive,7
3,True,True,MLP,Phylloquinone,CMBT,positive,7
4,True,False,MLP,Proline,CMBT,positive,7
5,True,True,MLP,Propionylcarnitine,CMBT,positive,7
6,True,True,MLP,Prostaglandin E1,CMBT,positive,7
7,True,True,MLP,Putrescine,CMBT,positive,7
8,True,True,MLP,Pyridoxine,CMBT,positive,7
9,True,True,MLP,Retinoic acid,CMBT,positive,7
10,True,True,MLP,Riboflavin,CMBT,positive,7
11,True,False,MLP,Ribulose 5-phosphate,CMBT,positive,7
12,False,True,MLP,Palmitic acid,CMBT,positive,7
13,False,False,MLP,Phosphocreatine,CMBT,positive,7
14,False,False,MLP,Pyruvic acid,CMBT,positive,7
15,False,True,MLP,Quinolinic acid,CMBT,positive,7
0,True,True,MLP,S-Adenosylhomocysteine,CMBT,positive,8
1,True,True,MLP,S-Adenosylmethionine,CMBT,positive,8
2,True,True,MLP,SM d18:1-16:0,CMBT,positive,8
3,True,False,MLP,Serine,CMBT,positive,8
4,True,True,MLP,Serotonin,CMBT,positive,8
5,True,True,MLP,Spermidine,CMBT,positive,8
6,True,False,MLP,Succinic acid,CMBT,positive,8
7,True,False,MLP,Sulfo GalCer 18:0(2S-OH),CMBT,positive,8
8,True,True,MLP,TG 15:0-18:1-15:0,CMBT,positive,8
9,True,False,MLP,Taurine,CMBT,positive,8
10,True,False,MLP,Taurocholic acid,CMBT,positive,8
11,True,True,MLP,Tetrahydrofolic acid,CMBT,positive,8
12,False,True,MLP,Ribulose,CMBT,positive,8
13,False,True,MLP,Tyrosine,CMBT,positive,8
14,False,True,MLP,Uric acid,CMBT,positive,8
15,False,False,MLP,Uridine diphosphate,CMBT,positive,8
0,True,True,MLP,Thiamine,CMBT,positive,9
1,True,False,MLP,Thymine,CMBT,positive,9
2,True,True,MLP,Tryptophan,CMBT,positive,9
3,True,False,MLP,Uracil,CMBT,positive,9
4,True,False,MLP,Ureidosuccinic acid,CMBT,positive,9
5,True,True,MLP,Uridine,CMBT,positive,9
6,True,True,MLP,Urocanic acid,CMBT,positive,9
7,True,True,MLP,Xanthine,CMBT,positive,9
8,True,False,MLP,alpha-tocopherol,CMBT,positive,9
9,True,True,MLP,cis-Aconitic acid,CMBT,positive,9
10,True,True,MLP,gamma-Aminobutyric acid,CMBT,positive,9
11,True,False,MLP,myo-Inositol,CMBT,positive,9
12,False,False,MLP,Uridine diphosphate glucose,CMBT,positive,9
13,False,False,MLP,Uridine diphosphate glucuronic acid,CMBT,positive,9
14,False,False,MLP,Uridine diphosphate-N-acetylglucosamine,CMBT,positive,9
15,False,True,MLP,Valine,CMBT,positive,9
0,True,False,MLP,2-Oxoglutaric acid,ClCCA,negative,0
1,True,True,MLP,3-Hydroxymethylglutaric acid,ClCCA,negative,0
2,True,True,MLP,3-Phosphoglyceric acid,ClCCA,negative,0
3,True,True,MLP,"4,5-Dihydroorotic acid",ClCCA,negative,0
4,True,True,MLP,6-Phosphogluconic acid,ClCCA,negative,0
5,True,True,MLP,Acetyl-CoA,ClCCA,negative,0
6,False,True,MLP,3-Hydroxyanthranilic acid,ClCCA,negative,0
7,False,False,MLP,4-Hydroxyproline,ClCCA,negative,0
8,False,False,MLP,5-Hydroxyindoleacetic acid,ClCCA,negative,0
9,False,False,MLP,Acetoacetic acid,ClCCA,negative,0
10,False,False,MLP,Acetylcarnitine,ClCCA,negative,0
11,False,False,MLP,Acetylcholine,ClCCA,negative,0
12,False,False,MLP,Adenine,ClCCA,negative,0
13,False,False,MLP,Agmatine,ClCCA,negative,0
14,False,False,MLP,Arginine,ClCCA,negative,0
15,False,False,MLP,Argininosuccinic acid,ClCCA,negative,0
0,True,False,MLP,Adenosine diphosphate,ClCCA,negative,1
1,True,False,MLP,Adenosine monophosphate,ClCCA,negative,1
2,True,True,MLP,Ascorbic acid,ClCCA,negative,1
3,True,False,MLP,Carnosine,ClCCA,negative,1
4,True,True,MLP,Cholic acid,ClCCA,negative,1
5,True,True,MLP,Citric acid,ClCCA,negative,1
6,False,False,MLP,Asparagine,ClCCA,negative,1
7,False,True,MLP,Aspartic acid,ClCCA,negative,1
8,False,False,MLP,Biotin,ClCCA,negative,1
9,False,False,MLP,Butyric acid,ClCCA,negative,1
10,False,False,MLP,CAR 16:0,ClCCA,negative,1
11,False,True,MLP,Cardiolipin 18:1,ClCCA,negative,1
12,False,False,MLP,Carnitine,ClCCA,negative,1
13,False,False,MLP,Cer d8:1/22:0 Cer,ClCCA,negative,1
14,False,False,MLP,Cholecalciferol,ClCCA,negative,1
15,False,False,MLP,Cholesterol,ClCCA,negative,1
0,True,True,MLP,Citrulline,ClCCA,negative,2
1,True,True,MLP,Coenzyme A,ClCCA,negative,2
2,True,False,MLP,Cysteine,ClCCA,negative,2
3,True,True,MLP,Flavin adenine dinucleotide,ClCCA,negative,2
4,True,True,MLP,"Fructose 1,6-bisphosphate",ClCCA,negative,2
5,True,False,MLP,Fumaric acid,ClCCA,negative,2
6,False,False,MLP,Choline,ClCCA,negative,2
7,False,False,MLP,Creatine,ClCCA,negative,2
8,False,False,MLP,Creatinine,ClCCA,negative,2
9,False,True,MLP,Cyclic adenosine monophosphate,ClCCA,negative,2
10,False,False,MLP,Cystine,ClCCA,negative,2
11,False,True,MLP,Cytidine,ClCCA,negative,2
12,False,True,MLP,Cytidine monophosphate,ClCCA,negative,2
13,False,False,MLP,Cytosine,ClCCA,negative,2
14,False,False,MLP,Dihydroxyacetone,ClCCA,negative,2
15,False,False,MLP,Dihydroxyacetone phosphate,ClCCA,negative,2
0,True,True,MLP,GlcCer d18:1/18:0,ClCCA,negative,3
1,True,True,MLP,Gluconic acid,ClCCA,negative,3
2,True,False,MLP,Glutamic acid,ClCCA,negative,3
3,True,True,MLP,Glutathione,ClCCA,negative,3
4,True,True,MLP,Lyso PE 18:0,ClCCA,negative,3
5,True,True,MLP,Lyso PG 16:0,ClCCA,negative,3
6,False,False,MLP,Dopamine,ClCCA,negative,3
7,False,False,MLP,Epinephrine,ClCCA,negative,3
8,False,False,MLP,Estradiol,ClCCA,negative,3
9,False,True,MLP,Flavin mononucleotide,ClCCA,negative,3
10,False,True,MLP,Folic acid,ClCCA,negative,3
11,False,True,MLP,GM3 Ganglioside 18:0,ClCCA,negative,3
12,False,False,MLP,Glucosamine,ClCCA,negative,3
13,False,False,MLP,Glucosamine 6-phosphate,ClCCA,negative,3
14,False,False,MLP,Glucose,ClCCA,negative,3
15,False,True,MLP,Glucose 6-phosphate,ClCCA,negative,3
0,True,True,MLP,Lyso PI 17:1,ClCCA,negative,4
1,True,True,MLP,Lyso PS 17:1,ClCCA,negative,4
2,True,True,MLP,Malic acid,ClCCA,negative,4
3,True,True,MLP,Malonic acid,ClCCA,negative,4
4,True,True,MLP,Myo-inositol 1-phosphate,ClCCA,negative,4
5,True,True,MLP,N-Acetylaspartic acid,ClCCA,negative,4
6,False,False,MLP,Glutamine,ClCCA,negative,4
7,False,True,MLP,Glycerol 3-phosphate,ClCCA,negative,4
8,False,False,MLP,Glycerophosphocholine,ClCCA,negative,4
9,False,False,MLP,Glycine,ClCCA,negative,4
10,False,False,MLP,Guanine,ClCCA,negative,4
11,False,False,MLP,Histamine,ClCCA,negative,4
12,False,False,MLP,Histidine,ClCCA,negative,4
13,False,False,MLP,Homocysteine,ClCCA,negative,4
14,False,False,MLP,Hypoxanthine,ClCCA,negative,4
15,False,False,MLP,Kynurenic acid,ClCCA,negative,4
0,True,True,MLP,N-Acetylaspartylglutamic acid,ClCCA,negative,5
1,True,False,MLP,N-Acetylgalactosamine 6-phosphate,ClCCA,negative,5
2,True,False,MLP,N-Acetylglucosamine,ClCCA,negative,5
3,True,True,MLP,"Nicotinamide adenine dinucleotide, reduced (NADH)",ClCCA,negative,5
4,True,True,MLP,Orotic acid,ClCCA,negative,5
5,True,True,MLP,Oxidized glutathione,ClCCA,negative,5
6,False,False,MLP,Kynurenine,ClCCA,negative,5
7,False,False,MLP,L-Dopa,ClCCA,negative,5
8,False,False,MLP,Lactic acid,ClCCA,negative,5
9,False,False,MLP,Lyso PC 15:0,ClCCA,negative,5
10,False,False,MLP,MG 18:1,ClCCA,negative,5
11,False,False,MLP,Melatonin,ClCCA,negative,5
12,False,False,MLP,Methionine,ClCCA,negative,5
13,False,False,MLP,Mevalonic acid,ClCCA,negative,5
14,False,False,MLP,"N6,N6,N6-Trimethyllysine",ClCCA,negative,5
15,False,False,MLP,Niacinamide,ClCCA,negative,5
0,True,False,MLP,PA 16:0-18:1,ClCCA,negative,6
1,True,False,MLP,PG 16:0-18:1,ClCCA,negative,6
2,True,True,MLP,PI 16:0-18:1,ClCCA,negative,6
3,True,True,MLP,PI(5)P 18:1,ClCCA,negative,6
4,True,True,MLP,PS (POPS) 16:0-18:1,ClCCA,negative,6
5,True,True,MLP,Palmitoyl-CoA,ClCCA,negative,6
6,False,True,MLP,Nicotinamide adenine dinucleotide (NAD),ClCCA,negative,6
7,False,False,MLP,Nicotinamide riboside,ClCCA,negative,6
8,False,True,MLP,Nicotinamide ribotide,ClCCA,negative,6
9,False,False,MLP,Nicotinic acid,ClCCA,negative,6
10,False,False,MLP,Ornithine,ClCCA,negative,6
11,False,True,MLP,Oxalacetic acid,ClCCA,negative,6
12,False,False,MLP,PC (O) C16-18:1,ClCCA,negative,6
13,False,False,MLP,Palmitic acid,ClCCA,negative,6
14,False,True,MLP,Pantetheine,ClCCA,negative,6
15,False,False,MLP,Phenylalanine,ClCCA,negative,6
0,True,True,MLP,Pantothenic acid,ClCCA,negative,7
1,True,True,MLP,Phosphoenolpyruvic acid,ClCCA,negative,7
2,True,True,MLP,Quinolinic acid,ClCCA,negative,7
3,True,False,MLP,Riboflavin,ClCCA,negative,7
4,True,True,MLP,Ribulose 5-phosphate,ClCCA,negative,7
5,True,False,MLP,S-Adenosylhomocysteine,ClCCA,negative,7
6,False,True,MLP,Phosphocreatine,ClCCA,negative,7
7,False,False,MLP,Proline,ClCCA,negative,7
8,False,False,MLP,Propionylcarnitine,ClCCA,negative,7
9,False,False,MLP,Prostaglandin E1,ClCCA,negative,7
10,False,False,MLP,Putrescine,ClCCA,negative,7
11,False,False,MLP,Pyridoxine,ClCCA,negative,7
12,False,False,MLP,Pyruvic acid,ClCCA,negative,7
13,False,False,MLP,Retinoic acid,ClCCA,negative,7
14,False,False,MLP,Ribulose,ClCCA,negative,7
0,True,False,MLP,Sulfo GalCer 18:0(2S-OH),ClCCA,negative,8
1,True,False,MLP,Taurine,ClCCA,negative,8
2,True,False,MLP,Taurocholic acid,ClCCA,negative,8
3,True,True,MLP,Ureidosuccinic acid,ClCCA,negative,8
4,True,True,MLP,Uric acid,ClCCA,negative,8
5,True,True,MLP,Uridine diphosphate,ClCCA,negative,8
6,False,True,MLP,S-Adenosylmethionine,ClCCA,negative,8
7,False,False,MLP,Serine,ClCCA,negative,8
8,False,False,MLP,Serotonin,ClCCA,negative,8
9,False,False,MLP,Spermidine,ClCCA,negative,8
10,False,True,MLP,Succinic acid,ClCCA,negative,8
11,False,False,MLP,TG 15:0-18:1-15:0,ClCCA,negative,8
12,False,True,MLP,Tetrahydrofolic acid,ClCCA,negative,8
13,False,False,MLP,Thiamine,ClCCA,negative,8
14,False,False,MLP,Thymine,ClCCA,negative,8
0,True,True,MLP,Uridine diphosphate glucose,ClCCA,negative,9
1,True,True,MLP,Uridine diphosphate glucuronic acid,ClCCA,negative,9
2,True,True,MLP,Uridine diphosphate-N-acetylglucosamine,ClCCA,negative,9
3,True,False,MLP,Urocanic acid,ClCCA,negative,9
4,True,True,MLP,cis-Aconitic acid,ClCCA,negative,9
5,False,True,MLP,Tryptophan,ClCCA,negative,9
6,False,False,MLP,Tyrosine,ClCCA,negative,9
7,False,False,MLP,Uracil,ClCCA,negative,9
8,False,False,MLP,Uridine,ClCCA,negative,9
9,False,False,MLP,Valine,ClCCA,negative,9
10,False,False,MLP,Xanthine,ClCCA,negative,9
11,False,False,MLP,alpha-tocopherol,ClCCA,negative,9
12,False,False,MLP,gamma-Aminobutyric acid,ClCCA,negative,9
13,False,True,MLP,myo-Inositol,ClCCA,negative,9
0,True,False,MLP,2-Oxoglutaric acid,ClCCA,positive,0
1,True,True,MLP,3-Hydroxyanthranilic acid,ClCCA,positive,0
2,True,True,MLP,3-Hydroxymethylglutaric acid,ClCCA,positive,0
3,True,True,MLP,3-Phosphoglyceric acid,ClCCA,positive,0
4,True,False,MLP,"4,5-Dihydroorotic acid",ClCCA,positive,0
5,True,True,MLP,4-Hydroxyproline,ClCCA,positive,0
6,True,False,MLP,5-Hydroxyindoleacetic acid,ClCCA,positive,0
7,True,True,MLP,6-Phosphogluconic acid,ClCCA,positive,0
8,True,True,MLP,Acetyl-CoA,ClCCA,positive,0
9,True,True,MLP,Acetylcarnitine,ClCCA,positive,0
10,True,True,MLP,Acetylcholine,ClCCA,positive,0
11,True,True,MLP,Adenine,ClCCA,positive,0
12,True,True,MLP,Adenosine diphosphate,ClCCA,positive,0
13,True,True,MLP,Adenosine monophosphate,ClCCA,positive,0
14,True,True,MLP,Agmatine,ClCCA,positive,0
15,False,False,MLP,Acetoacetic acid,ClCCA,positive,0
16,False,False,MLP,Butyric acid,ClCCA,positive,0
0,True,True,MLP,Arginine,ClCCA,positive,1
1,True,True,MLP,Argininosuccinic acid,ClCCA,positive,1
2,True,True,MLP,Ascorbic acid,ClCCA,positive,1
3,True,True,MLP,Asparagine,ClCCA,positive,1
4,True,True,MLP,Aspartic acid,ClCCA,positive,1
5,True,True,MLP,Biotin,ClCCA,positive,1
6,True,True,MLP,CAR 16:0,ClCCA,positive,1
7,True,True,MLP,Cardiolipin 18:1,ClCCA,positive,1
8,True,True,MLP,Carnitine,ClCCA,positive,1
9,True,True,MLP,Carnosine,ClCCA,positive,1
10,True,True,MLP,Cer d8:1/22:0 Cer,ClCCA,positive,1
11,True,True,MLP,Cholecalciferol,ClCCA,positive,1
12,True,True,MLP,Cholesteryl ester 17:0,ClCCA,positive,1
13,True,True,MLP,Cholic acid,ClCCA,positive,1
14,True,True,MLP,Choline,ClCCA,positive,1
15,False,True,MLP,Cholesterol,ClCCA,positive,1
16,False,True,MLP,Cholesteryl acetate,ClCCA,positive,1
0,True,True,MLP,Citric acid,ClCCA,positive,2
1,True,True,MLP,Citrulline,ClCCA,positive,2
2,True,True,MLP,Coenzyme A,ClCCA,positive,2
3,True,True,MLP,Creatine,ClCCA,positive,2
4,True,True,MLP,Creatinine,ClCCA,positive,2
5,True,True,MLP,Cyclic adenosine monophosphate,ClCCA,positive,2
6,True,True,MLP,Cysteine,ClCCA,positive,2
7,True,True,MLP,Cytidine,ClCCA,positive,2
8,True,True,MLP,Cytidine monophosphate,ClCCA,positive,2
9,True,True,MLP,Cytosine,ClCCA,positive,2
10,True,True,MLP,DG 18:0-22:6,ClCCA,positive,2
11,True,True,MLP,Dihydroxyacetone phosphate,ClCCA,positive,2
12,True,True,MLP,Dopamine,ClCCA,positive,2
13,True,True,MLP,Epinephrine,ClCCA,positive,2
14,True,True,MLP,Estradiol,ClCCA,positive,2
15,False,True,MLP,Cystine,ClCCA,positive,2
16,False,True,MLP,Dihydroxyacetone,ClCCA,positive,2
0,True,True,MLP,Flavin adenine dinucleotide,ClCCA,positive,3
1,True,True,MLP,Flavin mononucleotide,ClCCA,positive,3
2,True,True,MLP,Folic acid,ClCCA,positive,3
3,True,True,MLP,"Fructose 1,6-bisphosphate",ClCCA,positive,3
4,True,True,MLP,GM3 Ganglioside 18:0,ClCCA,positive,3
5,True,True,MLP,GlcCer d18:1/18:0,ClCCA,positive,3
6,True,True,MLP,Gluconic acid,ClCCA,positive,3
7,True,True,MLP,Glucosamine,ClCCA,positive,3
8,True,True,MLP,Glucosamine 6-phosphate,ClCCA,positive,3
9,True,False,MLP,Glucose,ClCCA,positive,3
10,True,True,MLP,Glucose 6-phosphate,ClCCA,positive,3
11,True,True,MLP,Glucosyl cholesterol,ClCCA,positive,3
12,True,True,MLP,Glutamic acid,ClCCA,positive,3
13,True,True,MLP,Glutamine,ClCCA,positive,3
14,True,True,MLP,Glutathione,ClCCA,positive,3
15,False,False,MLP,Fumaric acid,ClCCA,positive,3
16,False,False,MLP,Lactic acid,ClCCA,positive,3
0,True,True,MLP,Glycerol 3-phosphate,ClCCA,positive,4
1,True,True,MLP,Glycerophosphocholine,ClCCA,positive,4
2,True,True,MLP,Glycine,ClCCA,positive,4
3,True,True,MLP,Guanine,ClCCA,positive,4
4,True,True,MLP,Histamine,ClCCA,positive,4
5,True,True,MLP,Histidine,ClCCA,positive,4
6,True,True,MLP,Homocysteine,ClCCA,positive,4
7,True,True,MLP,Hypoxanthine,ClCCA,positive,4
8,True,True,MLP,Kynurenic acid,ClCCA,positive,4
9,True,False,MLP,Kynurenine,ClCCA,positive,4
10,True,True,MLP,L-Dopa,ClCCA,positive,4
11,True,True,MLP,Lyso PA 18:1,ClCCA,positive,4
12,True,True,MLP,Lyso PC 15:0,ClCCA,positive,4
13,True,True,MLP,Lyso PE 18:0,ClCCA,positive,4
14,True,True,MLP,Lyso PG 16:0,ClCCA,positive,4
15,False,True,MLP,Mevalonic acid,ClCCA,positive,4
16,False,True,MLP,Orotic acid,ClCCA,positive,4
0,True,True,MLP,Lyso PI 17:1,ClCCA,positive,5
1,True,True,MLP,Lyso PS 17:1,ClCCA,positive,5
2,True,True,MLP,MG 18:1,ClCCA,positive,5
3,True,True,MLP,Malic acid,ClCCA,positive,5
4,True,False,MLP,Malonic acid,ClCCA,positive,5
5,True,True,MLP,Melatonin,ClCCA,positive,5
6,True,True,MLP,Methionine,ClCCA,positive,5
7,True,True,MLP,Myo-inositol 1-phosphate,ClCCA,positive,5
8,True,True,MLP,N-Acetylaspartic acid,ClCCA,positive,5
9,True,True,MLP,N-Acetylaspartylglutamic acid,ClCCA,positive,5
10,True,True,MLP,N-Acetylgalactosamine 6-phosphate,ClCCA,positive,5
11,True,True,MLP,N-Acetylglucosamine,ClCCA,positive,5
12,True,True,MLP,"N6,N6,N6-Trimethyllysine",ClCCA,positive,5
13,True,True,MLP,Niacinamide,ClCCA,positive,5
14,True,True,MLP,Nicotinamide adenine dinucleotide (NAD),ClCCA,positive,5
15,False,True,MLP,Oxalacetic acid,ClCCA,positive,5
16,False,True,MLP,Palmitic acid,ClCCA,positive,5
0,True,True,MLP,"Nicotinamide adenine dinucleotide, reduced (NADH)",ClCCA,positive,6
1,True,True,MLP,Nicotinamide riboside,ClCCA,positive,6
2,True,True,MLP,Nicotinamide ribotide,ClCCA,positive,6
3,True,True,MLP,Nicotinic acid,ClCCA,positive,6
4,True,True,MLP,Ornithine,ClCCA,positive,6
5,True,True,MLP,Oxidized glutathione,ClCCA,positive,6
6,True,True,MLP,PA 16:0-18:1,ClCCA,positive,6
7,True,True,MLP,PC (O) C16-18:1,ClCCA,positive,6
8,True,True,MLP,PC 15:0-18:1,ClCCA,positive,6
9,True,True,MLP,PE 18:0-20:4,ClCCA,positive,6
10,True,True,MLP,PG 16:0-18:1,ClCCA,positive,6
11,True,True,MLP,PI 16:0-18:1,ClCCA,positive,6
12,True,True,MLP,PI(5)P 18:1,ClCCA,positive,6
13,True,True,MLP,PS (POPS) 16:0-18:1,ClCCA,positive,6
14,True,True,MLP,Palmitoyl-CoA,ClCCA,positive,6
15,False,False,MLP,Pyruvic acid,ClCCA,positive,6
0,True,True,MLP,Pantetheine,ClCCA,positive,7
1,True,True,MLP,Pantothenic acid,ClCCA,positive,7
2,True,True,MLP,Phenylalanine,ClCCA,positive,7
3,True,True,MLP,Phosphocreatine,ClCCA,positive,7
4,True,True,MLP,Phosphoenolpyruvic acid,ClCCA,positive,7
5,True,False,MLP,Phylloquinone,ClCCA,positive,7
6,True,True,MLP,Proline,ClCCA,positive,7
7,True,True,MLP,Propionylcarnitine,ClCCA,positive,7
8,True,True,MLP,Prostaglandin E1,ClCCA,positive,7
9,True,True,MLP,Putrescine,ClCCA,positive,7
10,True,True,MLP,Pyridoxine,ClCCA,positive,7
11,True,True,MLP,Quinolinic acid,ClCCA,positive,7
12,True,False,MLP,Retinoic acid,ClCCA,positive,7
13,True,True,MLP,Riboflavin,ClCCA,positive,7
14,True,True,MLP,Ribulose 5-phosphate,ClCCA,positive,7
15,False,False,MLP,Ribulose,ClCCA,positive,7
0,True,False,MLP,S-Adenosylhomocysteine,ClCCA,positive,8
1,True,False,MLP,S-Adenosylmethionine,ClCCA,positive,8
2,True,True,MLP,SM d18:1-16:0,ClCCA,positive,8
3,True,True,MLP,Serine,ClCCA,positive,8
4,True,True,MLP,Serotonin,ClCCA,positive,8
5,True,True,MLP,Spermidine,ClCCA,positive,8
6,True,False,MLP,Succinic acid,ClCCA,positive,8
7,True,True,MLP,Sulfo GalCer 18:0(2S-OH),ClCCA,positive,8
8,True,True,MLP,TG 15:0-18:1-15:0,ClCCA,positive,8
9,True,True,MLP,Taurine,ClCCA,positive,8
10,True,True,MLP,Taurocholic acid,ClCCA,positive,8
11,True,True,MLP,Tetrahydrofolic acid,ClCCA,positive,8
12,True,True,MLP,Thiamine,ClCCA,positive,8
13,True,True,MLP,Thymine,ClCCA,positive,8
14,True,True,MLP,Tryptophan,ClCCA,positive,8
15,False,False,MLP,Uric acid,ClCCA,positive,8
0,True,True,MLP,Tyrosine,ClCCA,positive,9
1,True,False,MLP,Uracil,ClCCA,positive,9
2,True,True,MLP,Ureidosuccinic acid,ClCCA,positive,9
3,True,True,MLP,Uridine diphosphate,ClCCA,positive,9
4,True,True,MLP,Uridine diphosphate glucose,ClCCA,positive,9
5,True,True,MLP,Uridine diphosphate glucuronic acid,ClCCA,positive,9
6,True,True,MLP,Uridine diphosphate-N-acetylglucosamine,ClCCA,positive,9
7,True,True,MLP,Urocanic acid,ClCCA,positive,9
8,True,True,MLP,Valine,ClCCA,positive,9
9,True,True,MLP,Xanthine,ClCCA,positive,9
10,True,False,MLP,alpha-tocopherol,ClCCA,positive,9
11,True,True,MLP,cis-Aconitic acid,ClCCA,positive,9
12,True,True,MLP,gamma-Aminobutyric acid,ClCCA,positive,9
13,True,True,MLP,myo-Inositol,ClCCA,positive,9
14,False,True,MLP,Uridine,ClCCA,positive,9
0,True,True,MLP,2-Oxoglutaric acid,DAN,negative,0
1,True,False,MLP,3-Phosphoglyceric acid,DAN,negative,0
2,True,True,MLP,"4,5-Dihydroorotic acid",DAN,negative,0
3,True,True,MLP,4-Hydroxyproline,DAN,negative,0
4,True,True,MLP,5-Hydroxyindoleacetic acid,DAN,negative,0
5,True,False,MLP,Acetyl-CoA,DAN,negative,0
6,True,True,MLP,Adenine,DAN,negative,0
7,True,True,MLP,Arginine,DAN,negative,0
8,True,False,MLP,Argininosuccinic acid,DAN,negative,0
9,True,True,MLP,Ascorbic acid,DAN,negative,0
10,True,True,MLP,Asparagine,DAN,negative,0
11,True,True,MLP,Aspartic acid,DAN,negative,0
12,False,True,MLP,3-Hydroxyanthranilic acid,DAN,negative,0
13,False,True,MLP,3-Hydroxymethylglutaric acid,DAN,negative,0
14,False,True,MLP,6-Phosphogluconic acid,DAN,negative,0
15,False,False,MLP,Acetoacetic acid,DAN,negative,0
16,False,False,MLP,Acetylcarnitine,DAN,negative,0
0,True,True,MLP,Cardiolipin 18:1,DAN,negative,1
1,True,True,MLP,Carnosine,DAN,negative,1
2,True,True,MLP,Cer d8:1/22:0 Cer,DAN,negative,1
3,True,True,MLP,Cholic acid,DAN,negative,1
4,True,False,MLP,Citric acid,DAN,negative,1
5,True,True,MLP,Citrulline,DAN,negative,1
6,True,True,MLP,Coenzyme A,DAN,negative,1
7,True,True,MLP,Creatine,DAN,negative,1
8,True,True,MLP,Creatinine,DAN,negative,1
9,True,True,MLP,Cysteine,DAN,negative,1
10,True,True,MLP,Cystine,DAN,negative,1
11,True,True,MLP,Cytidine,DAN,negative,1
12,False,False,MLP,Acetylcholine,DAN,negative,1
13,False,True,MLP,Adenosine diphosphate,DAN,negative,1
14,False,True,MLP,Adenosine monophosphate,DAN,negative,1
15,False,True,MLP,Agmatine,DAN,negative,1
16,False,True,MLP,Biotin,DAN,negative,1
0,True,True,MLP,Cytosine,DAN,negative,2
1,True,True,MLP,Dopamine,DAN,negative,2
2,True,True,MLP,Epinephrine,DAN,negative,2
3,True,False,MLP,Estradiol,DAN,negative,2
4,True,True,MLP,Flavin adenine dinucleotide,DAN,negative,2
5,True,False,MLP,Fumaric acid,DAN,negative,2
6,True,True,MLP,GM3 Ganglioside 18:0,DAN,negative,2
7,True,True,MLP,GlcCer d18:1/18:0,DAN,negative,2
8,True,True,MLP,Gluconic acid,DAN,negative,2
9,True,True,MLP,Glucosamine,DAN,negative,2
10,True,False,MLP,Glucosamine 6-phosphate,DAN,negative,2
11,True,True,MLP,Glucose,DAN,negative,2
12,False,False,MLP,Butyric acid,DAN,negative,2
13,False,False,MLP,CAR 16:0,DAN,negative,2
14,False,False,MLP,Carnitine,DAN,negative,2
15,False,False,MLP,Cholecalciferol,DAN,negative,2
16,False,False,MLP,Cholesterol,DAN,negative,2
0,True,True,MLP,Glucose 6-phosphate,DAN,negative,3
1,True,True,MLP,Glucosyl cholesterol,DAN,negative,3
2,True,True,MLP,Glutamic acid,DAN,negative,3
3,True,True,MLP,Glutamine,DAN,negative,3
4,True,True,MLP,Glutathione,DAN,negative,3
5,True,False,MLP,Glycerol 3-phosphate,DAN,negative,3
6,True,True,MLP,Guanine,DAN,negative,3
7,True,False,MLP,Histamine,DAN,negative,3
8,True,True,MLP,Histidine,DAN,negative,3
9,True,True,MLP,Homocysteine,DAN,negative,3
10,True,False,MLP,Hypoxanthine,DAN,negative,3
11,True,True,MLP,Kynurenine,DAN,negative,3
12,False,False,MLP,Cholesteryl acetate,DAN,negative,3
13,False,False,MLP,Cholesteryl ester 17:0,DAN,negative,3
14,False,False,MLP,Choline,DAN,negative,3
15,False,False,MLP,Cyclic adenosine monophosphate,DAN,negative,3
16,False,False,MLP,Cytidine monophosphate,DAN,negative,3
0,True,True,MLP,L-Dopa,DAN,negative,4
1,True,True,MLP,Lyso PC 15:0,DAN,negative,4
2,True,True,MLP,Lyso PG 16:0,DAN,negative,4
3,True,True,MLP,Lyso PI 17:1,DAN,negative,4
4,True,False,MLP,Lyso PS 17:1,DAN,negative,4
5,True,True,MLP,Malic acid,DAN,negative,4
6,True,False,MLP,Melatonin,DAN,negative,4
7,True,True,MLP,Methionine,DAN,negative,4
8,True,True,MLP,Mevalonic acid,DAN,negative,4
9,True,True,MLP,Myo-inositol 1-phosphate,DAN,negative,4
10,True,False,MLP,N-Acetylaspartic acid,DAN,negative,4
11,True,True,MLP,N-Acetylaspartylglutamic acid,DAN,negative,4
12,False,True,MLP,Dihydroxyacetone,DAN,negative,4
13,False,False,MLP,Dihydroxyacetone phosphate,DAN,negative,4
14,False,True,MLP,Flavin mononucleotide,DAN,negative,4
15,False,True,MLP,Folic acid,DAN,negative,4
16,False,True,MLP,"Fructose 1,6-bisphosphate",DAN,negative,4
0,True,False,MLP,N-Acetylgalactosamine 6-phosphate,DAN,negative,5
1,True,True,MLP,N-Acetylglucosamine,DAN,negative,5
2,True,True,MLP,"N6,N6,N6-Trimethyllysine",DAN,negative,5
3,True,False,MLP,Nicotinamide adenine dinucleotide (NAD),DAN,negative,5
4,True,False,MLP,"Nicotinamide adenine dinucleotide, reduced (NADH)",DAN,negative,5
5,True,True,MLP,Nicotinamide riboside,DAN,negative,5
6,True,False,MLP,Nicotinic acid,DAN,negative,5
7,True,True,MLP,Ornithine,DAN,negative,5
8,True,True,MLP,Orotic acid,DAN,negative,5
9,True,False,MLP,Oxidized glutathione,DAN,negative,5
10,True,True,MLP,PA 16:0-18:1,DAN,negative,5
11,False,True,MLP,Glycerophosphocholine,DAN,negative,5
12,False,True,MLP,Glycine,DAN,negative,5
13,False,False,MLP,Kynurenic acid,DAN,negative,5
14,False,False,MLP,Lactic acid,DAN,negative,5
15,False,True,MLP,Lyso PA 18:1,DAN,negative,5
0,True,False,MLP,PC (O) C16-18:1,DAN,negative,6
1,True,False,MLP,PC 15:0-18:1,DAN,negative,6
2,True,True,MLP,PE 18:0-20:4,DAN,negative,6
3,True,True,MLP,PG 16:0-18:1,DAN,negative,6
4,True,True,MLP,PI 16:0-18:1,DAN,negative,6
5,True,True,MLP,PI(5)P 18:1,DAN,negative,6
6,True,True,MLP,PS (POPS) 16:0-18:1,DAN,negative,6
7,True,True,MLP,Palmitoyl-CoA,DAN,negative,6
8,True,True,MLP,Pantetheine,DAN,negative,6
9,True,True,MLP,Pantothenic acid,DAN,negative,6
10,True,True,MLP,Phenylalanine,DAN,negative,6
11,False,True,MLP,Lyso PE 18:0,DAN,negative,6
12,False,True,MLP,MG 18:1,DAN,negative,6
13,False,False,MLP,Malonic acid,DAN,negative,6
14,False,False,MLP,Niacinamide,DAN,negative,6
15,False,True,MLP,Nicotinamide ribotide,DAN,negative,6
0,True,False,MLP,Phosphoenolpyruvic acid,DAN,negative,7
1,True,True,MLP,Proline,DAN,negative,7
2,True,True,MLP,Prostaglandin E1,DAN,negative,7
3,True,True,MLP,Pyridoxine,DAN,negative,7
4,True,False,MLP,Quinolinic acid,DAN,negative,7
5,True,False,MLP,Retinoic acid,DAN,negative,7
6,True,True,MLP,Riboflavin,DAN,negative,7
7,True,True,MLP,Ribulose,DAN,negative,7
8,True,False,MLP,Ribulose 5-phosphate,DAN,negative,7
9,True,True,MLP,SM d18:1-16:0,DAN,negative,7
10,True,True,MLP,Serine,DAN,negative,7
11,False,False,MLP,Oxalacetic acid,DAN,negative,7
12,False,False,MLP,Palmitic acid,DAN,negative,7
13,False,True,MLP,Phosphocreatine,DAN,negative,7
14,False,False,MLP,Phylloquinone,DAN,negative,7
15,False,False,MLP,Propionylcarnitine,DAN,negative,7
0,True,True,MLP,Serotonin,DAN,negative,8
1,True,False,MLP,Succinic acid,DAN,negative,8
2,True,True,MLP,Sulfo GalCer 18:0(2S-OH),DAN,negative,8
3,True,False,MLP,Taurine,DAN,negative,8
4,True,True,MLP,Taurocholic acid,DAN,negative,8
5,True,False,MLP,Thymine,DAN,negative,8
6,True,True,MLP,Tryptophan,DAN,negative,8
7,True,True,MLP,Tyrosine,DAN,negative,8
8,True,False,MLP,Uracil,DAN,negative,8
9,True,True,MLP,Ureidosuccinic acid,DAN,negative,8
10,True,True,MLP,Uric acid,DAN,negative,8
11,False,False,MLP,Putrescine,DAN,negative,8
12,False,False,MLP,Pyruvic acid,DAN,negative,8
13,False,True,MLP,S-Adenosylhomocysteine,DAN,negative,8
14,False,True,MLP,S-Adenosylmethionine,DAN,negative,8
0,True,True,MLP,Uridine,DAN,negative,9
1,True,True,MLP,Uridine diphosphate,DAN,negative,9
2,True,True,MLP,Uridine diphosphate glucose,DAN,negative,9
3,True,True,MLP,Uridine diphosphate glucuronic acid,DAN,negative,9
4,True,True,MLP,Uridine diphosphate-N-acetylglucosamine,DAN,negative,9
5,True,True,MLP,Urocanic acid,DAN,negative,9
6,True,True,MLP,Valine,DAN,negative,9
7,True,True,MLP,Xanthine,DAN,negative,9
8,True,False,MLP,cis-Aconitic acid,DAN,negative,9
9,True,True,MLP,gamma-Aminobutyric acid,DAN,negative,9
10,True,True,MLP,myo-Inositol,DAN,negative,9
11,False,False,MLP,Spermidine,DAN,negative,9
12,False,True,MLP,Tetrahydrofolic acid,DAN,negative,9
13,False,False,MLP,Thiamine,DAN,negative,9
14,False,False,MLP,alpha-tocopherol,DAN,negative,9
0,True,False,MLP,2-Oxoglutaric acid,DAN,positive,0
1,True,False,MLP,"4,5-Dihydroorotic acid",DAN,positive,0
2,True,True,MLP,4-Hydroxyproline,DAN,positive,0
3,True,False,MLP,5-Hydroxyindoleacetic acid,DAN,positive,0
4,True,True,MLP,Acetylcarnitine,DAN,positive,0
5,True,False,MLP,Acetylcholine,DAN,positive,0
6,True,False,MLP,Adenosine monophosphate,DAN,positive,0
7,True,True,MLP,Agmatine,DAN,positive,0
8,True,True,MLP,Arginine,DAN,positive,0
9,True,True,MLP,Asparagine,DAN,positive,0
10,True,False,MLP,Aspartic acid,DAN,positive,0
11,True,True,MLP,Biotin,DAN,positive,0
12,False,False,MLP,3-Hydroxyanthranilic acid,DAN,positive,0
13,False,False,MLP,3-Hydroxymethylglutaric acid,DAN,positive,0
14,False,False,MLP,3-Phosphoglyceric acid,DAN,positive,0
15,False,False,MLP,6-Phosphogluconic acid,DAN,positive,0
16,False,False,MLP,Acetoacetic acid,DAN,positive,0
17,False,False,MLP,Acetyl-CoA,DAN,positive,0
0,True,True,MLP,CAR 16:0,DAN,positive,1
1,True,True,MLP,Cardiolipin 18:1,DAN,positive,1
2,True,True,MLP,Carnitine,DAN,positive,1
3,True,True,MLP,Carnosine,DAN,positive,1
4,True,True,MLP,Cer d8:1/22:0 Cer,DAN,positive,1
5,True,False,MLP,Cholecalciferol,DAN,positive,1
6,True,False,MLP,Cholesteryl ester 17:0,DAN,positive,1
7,True,True,MLP,Cholic acid,DAN,positive,1
8,True,False,MLP,Choline,DAN,positive,1
9,True,True,MLP,Citrulline,DAN,positive,1
10,True,False,MLP,Coenzyme A,DAN,positive,1
11,True,True,MLP,Creatine,DAN,positive,1
12,False,True,MLP,Adenine,DAN,positive,1
13,False,False,MLP,Adenosine diphosphate,DAN,positive,1
14,False,True,MLP,Argininosuccinic acid,DAN,positive,1
15,False,False,MLP,Ascorbic acid,DAN,positive,1
16,False,False,MLP,Butyric acid,DAN,positive,1
0,True,True,MLP,Creatinine,DAN,positive,2
1,True,True,MLP,Cyclic adenosine monophosphate,DAN,positive,2
2,True,True,MLP,Cytidine,DAN,positive,2
3,True,False,MLP,Cytidine monophosphate,DAN,positive,2
4,True,False,MLP,Cytosine,DAN,positive,2
5,True,True,MLP,Dopamine,DAN,positive,2
6,True,True,MLP,Epinephrine,DAN,positive,2
7,True,True,MLP,Flavin adenine dinucleotide,DAN,positive,2
8,True,False,MLP,Flavin mononucleotide,DAN,positive,2
9,True,True,MLP,Folic acid,DAN,positive,2
10,True,False,MLP,Fumaric acid,DAN,positive,2
11,True,True,MLP,GM3 Ganglioside 18:0,DAN,positive,2
12,False,True,MLP,Cholesterol,DAN,positive,2
13,False,True,MLP,Cholesteryl acetate,DAN,positive,2
14,False,False,MLP,Citric acid,DAN,positive,2
15,False,True,MLP,Cysteine,DAN,positive,2
16,False,True,MLP,Cystine,DAN,positive,2
0,True,True,MLP,GlcCer d18:1/18:0,DAN,positive,3
1,True,False,MLP,Gluconic acid,DAN,positive,3
2,True,True,MLP,Glucosamine,DAN,positive,3
3,True,True,MLP,Glucose,DAN,positive,3
4,True,True,MLP,Glucosyl cholesterol,DAN,positive,3
5,True,False,MLP,Glutamic acid,DAN,positive,3
6,True,True,MLP,Glutamine,DAN,positive,3
7,True,True,MLP,Glutathione,DAN,positive,3
8,True,True,MLP,Glycerophosphocholine,DAN,positive,3
9,True,True,MLP,Guanine,DAN,positive,3
10,True,True,MLP,Histamine,DAN,positive,3
11,False,True,MLP,DG 18:0-22:6,DAN,positive,3
12,False,True,MLP,Dihydroxyacetone,DAN,positive,3
13,False,False,MLP,Dihydroxyacetone phosphate,DAN,positive,3
14,False,True,MLP,Estradiol,DAN,positive,3
15,False,False,MLP,"Fructose 1,6-bisphosphate",DAN,positive,3
0,True,True,MLP,Histidine,DAN,positive,4
1,True,True,MLP,Homocysteine,DAN,positive,4
2,True,True,MLP,Hypoxanthine,DAN,positive,4
3,True,False,MLP,Kynurenic acid,DAN,positive,4
4,True,True,MLP,Kynurenine,DAN,positive,4
5,True,True,MLP,Lyso PA 18:1,DAN,positive,4
6,True,True,MLP,Lyso PC 15:0,DAN,positive,4
7,True,True,MLP,Lyso PE 18:0,DAN,positive,4
8,True,True,MLP,Lyso PG 16:0,DAN,positive,4
9,True,True,MLP,Lyso PI 17:1,DAN,positive,4
10,True,True,MLP,Lyso PS 17:1,DAN,positive,4
11,False,False,MLP,Glucosamine 6-phosphate,DAN,positive,4
12,False,False,MLP,Glucose 6-phosphate,DAN,positive,4
13,False,False,MLP,Glycerol 3-phosphate,DAN,positive,4
14,False,True,MLP,Glycine,DAN,positive,4
15,False,True,MLP,L-Dopa,DAN,positive,4
0,True,True,MLP,MG 18:1,DAN,positive,5
1,True,False,MLP,Malic acid,DAN,positive,5
2,True,True,MLP,Melatonin,DAN,positive,5
3,True,True,MLP,Methionine,DAN,positive,5
4,True,False,MLP,Mevalonic acid,DAN,positive,5
5,True,False,MLP,N-Acetylaspartic acid,DAN,positive,5
6,True,False,MLP,N-Acetylaspartylglutamic acid,DAN,positive,5
7,True,True,MLP,N-Acetylglucosamine,DAN,positive,5
8,True,True,MLP,"N6,N6,N6-Trimethyllysine",DAN,positive,5
9,True,True,MLP,"Nicotinamide adenine dinucleotide, reduced (NADH)",DAN,positive,5
10,True,True,MLP,Nicotinamide riboside,DAN,positive,5
11,False,False,MLP,Lactic acid,DAN,positive,5
12,False,False,MLP,Malonic acid,DAN,positive,5
13,False,False,MLP,Myo-inositol 1-phosphate,DAN,positive,5
14,False,False,MLP,N-Acetylgalactosamine 6-phosphate,DAN,positive,5
15,False,True,MLP,Niacinamide,DAN,positive,5
0,True,True,MLP,Ornithine,DAN,positive,6
1,True,False,MLP,Oxidized glutathione,DAN,positive,6
2,True,True,MLP,PA 16:0-18:1,DAN,positive,6
3,True,True,MLP,PC (O) C16-18:1,DAN,positive,6
4,True,True,MLP,PC 15:0-18:1,DAN,positive,6
5,True,True,MLP,PE 18:0-20:4,DAN,positive,6
6,True,True,MLP,PG 16:0-18:1,DAN,positive,6
7,True,True,MLP,PI 16:0-18:1,DAN,positive,6
8,True,False,MLP,PI(5)P 18:1,DAN,positive,6
9,True,True,MLP,PS (POPS) 16:0-18:1,DAN,positive,6
10,True,False,MLP,Palmitoyl-CoA,DAN,positive,6
11,False,True,MLP,Nicotinamide adenine dinucleotide (NAD),DAN,positive,6
12,False,False,MLP,Nicotinamide ribotide,DAN,positive,6
13,False,False,MLP,Nicotinic acid,DAN,positive,6
14,False,False,MLP,Orotic acid,DAN,positive,6
15,False,False,MLP,Oxalacetic acid,DAN,positive,6
0,True,True,MLP,Pantetheine,DAN,positive,7
1,True,True,MLP,Pantothenic acid,DAN,positive,7
2,True,True,MLP,Phenylalanine,DAN,positive,7
3,True,True,MLP,Phylloquinone,DAN,positive,7
4,True,True,MLP,Proline,DAN,positive,7
5,True,True,MLP,Propionylcarnitine,DAN,positive,7
6,True,True,MLP,Prostaglandin E1,DAN,positive,7
7,True,True,MLP,Putrescine,DAN,positive,7
8,True,True,MLP,Pyridoxine,DAN,positive,7
9,True,True,MLP,Retinoic acid,DAN,positive,7
10,True,True,MLP,Riboflavin,DAN,positive,7
11,False,True,MLP,Palmitic acid,DAN,positive,7
12,False,False,MLP,Phosphocreatine,DAN,positive,7
13,False,False,MLP,Phosphoenolpyruvic acid,DAN,positive,7
14,False,False,MLP,Pyruvic acid,DAN,positive,7
15,False,False,MLP,Quinolinic acid,DAN,positive,7
0,True,True,MLP,Ribulose,DAN,positive,8
1,True,True,MLP,S-Adenosylhomocysteine,DAN,positive,8
2,True,True,MLP,S-Adenosylmethionine,DAN,positive,8
3,True,True,MLP,SM d18:1-16:0,DAN,positive,8
4,True,False,MLP,Serine,DAN,positive,8
5,True,True,MLP,Spermidine,DAN,positive,8
6,True,False,MLP,Succinic acid,DAN,positive,8
7,True,True,MLP,TG 15:0-18:1-15:0,DAN,positive,8
8,True,False,MLP,Taurine,DAN,positive,8
9,True,False,MLP,Taurocholic acid,DAN,positive,8
10,True,False,MLP,Tetrahydrofolic acid,DAN,positive,8
11,False,False,MLP,Ribulose 5-phosphate,DAN,positive,8
12,False,True,MLP,Serotonin,DAN,positive,8
13,False,False,MLP,Sulfo GalCer 18:0(2S-OH),DAN,positive,8
14,False,False,MLP,Uracil,DAN,positive,8
15,False,False,MLP,Ureidosuccinic acid,DAN,positive,8
0,True,True,MLP,Thiamine,DAN,positive,9
1,True,False,MLP,Thymine,DAN,positive,9
2,True,True,MLP,Tryptophan,DAN,positive,9
3,True,True,MLP,Tyrosine,DAN,positive,9
4,True,True,MLP,Uridine,DAN,positive,9
5,True,False,MLP,Urocanic acid,DAN,positive,9
6,True,True,MLP,Valine,DAN,positive,9
7,True,True,MLP,Xanthine,DAN,positive,9
8,True,True,MLP,alpha-tocopherol,DAN,positive,9
9,True,True,MLP,gamma-Aminobutyric acid,DAN,positive,9
10,True,True,MLP,myo-Inositol,DAN,positive,9
11,False,True,MLP,Uridine diphosphate,DAN,positive,9
12,False,True,MLP,Uridine diphosphate glucose,DAN,positive,9
13,False,True,MLP,Uridine diphosphate glucuronic acid,DAN,positive,9
14,False,True,MLP,Uridine diphosphate-N-acetylglucosamine,DAN,positive,9
15,False,False,MLP,cis-Aconitic acid,DAN,positive,9
0,True,False,MLP,2-Oxoglutaric acid,DHAP,negative,0
1,True,True,MLP,3-Hydroxymethylglutaric acid,DHAP,negative,0
2,True,True,MLP,3-Phosphoglyceric acid,DHAP,negative,0
3,True,True,MLP,"4,5-Dihydroorotic acid",DHAP,negative,0
4,True,True,MLP,4-Hydroxyproline,DHAP,negative,0
5,True,False,MLP,5-Hydroxyindoleacetic acid,DHAP,negative,0
6,True,True,MLP,Adenosine monophosphate,DHAP,negative,0
7,True,True,MLP,Arginine,DHAP,negative,0
8,True,True,MLP,Argininosuccinic acid,DHAP,negative,0
9,False,True,MLP,3-Hydroxyanthranilic acid,DHAP,negative,0
10,False,True,MLP,6-Phosphogluconic acid,DHAP,negative,0
11,False,False,MLP,Acetoacetic acid,DHAP,negative,0
12,False,True,MLP,Acetyl-CoA,DHAP,negative,0
13,False,False,MLP,Acetylcarnitine,DHAP,negative,0
14,False,False,MLP,Acetylcholine,DHAP,negative,0
15,False,True,MLP,Adenine,DHAP,negative,0
16,False,False,MLP,Adenosine diphosphate,DHAP,negative,0
17,False,False,MLP,Agmatine,DHAP,negative,0
0,True,True,MLP,Ascorbic acid,DHAP,negative,1
1,True,False,MLP,Asparagine,DHAP,negative,1
2,True,True,MLP,Cardiolipin 18:1,DHAP,negative,1
3,True,True,MLP,Carnosine,DHAP,negative,1
4,True,True,MLP,Cer d8:1/22:0 Cer,DHAP,negative,1
5,True,True,MLP,Cholic acid,DHAP,negative,1
6,True,True,MLP,Citric acid,DHAP,negative,1
7,True,False,MLP,Coenzyme A,DHAP,negative,1
8,True,True,MLP,Creatine,DHAP,negative,1
9,False,True,MLP,Aspartic acid,DHAP,negative,1
10,False,True,MLP,Biotin,DHAP,negative,1
11,False,False,MLP,Butyric acid,DHAP,negative,1
12,False,False,MLP,Carnitine,DHAP,negative,1
13,False,False,MLP,Cholecalciferol,DHAP,negative,1
14,False,False,MLP,Cholesterol,DHAP,negative,1
15,False,False,MLP,Cholesteryl acetate,DHAP,negative,1
16,False,False,MLP,Cholesteryl ester 17:0,DHAP,negative,1
0,True,False,MLP,Cyclic adenosine monophosphate,DHAP,negative,2
1,True,False,MLP,Cysteine,DHAP,negative,2
2,True,False,MLP,Dopamine,DHAP,negative,2
3,True,False,MLP,Epinephrine,DHAP,negative,2
4,True,False,MLP,"Fructose 1,6-bisphosphate",DHAP,negative,2
5,True,True,MLP,GM3 Ganglioside 18:0,DHAP,negative,2
6,True,True,MLP,GlcCer d18:1/18:0,DHAP,negative,2
7,True,True,MLP,Gluconic acid,DHAP,negative,2
8,False,False,MLP,Choline,DHAP,negative,2
9,False,True,MLP,Citrulline,DHAP,negative,2
10,False,False,MLP,Creatinine,DHAP,negative,2
11,False,True,MLP,Cystine,DHAP,negative,2
12,False,False,MLP,Cytidine,DHAP,negative,2
13,False,False,MLP,Cytidine monophosphate,DHAP,negative,2
14,False,True,MLP,Cytosine,DHAP,negative,2
15,False,True,MLP,Dihydroxyacetone,DHAP,negative,2
0,True,True,MLP,Glucosamine 6-phosphate,DHAP,negative,3
1,True,False,MLP,Glucose,DHAP,negative,3
2,True,True,MLP,Glucosyl cholesterol,DHAP,negative,3
3,True,False,MLP,Glutamic acid,DHAP,negative,3
4,True,False,MLP,Glutamine,DHAP,negative,3
5,True,True,MLP,Glutathione,DHAP,negative,3
6,True,False,MLP,Histidine,DHAP,negative,3
7,True,False,MLP,Hypoxanthine,DHAP,negative,3
8,False,False,MLP,Dihydroxyacetone phosphate,DHAP,negative,3
9,False,False,MLP,Estradiol,DHAP,negative,3
10,False,False,MLP,Flavin adenine dinucleotide,DHAP,negative,3
11,False,True,MLP,Flavin mononucleotide,DHAP,negative,3
12,False,False,MLP,Folic acid,DHAP,negative,3
13,False,False,MLP,Fumaric acid,DHAP,negative,3
14,False,False,MLP,Glucosamine,DHAP,negative,3
15,False,False,MLP,Glucose 6-phosphate,DHAP,negative,3
0,True,False,MLP,L-Dopa,DHAP,negative,4
1,True,True,MLP,Lyso PA 18:1,DHAP,negative,4
2,True,False,MLP,Lyso PC 15:0,DHAP,negative,4
3,True,True,MLP,Lyso PE 18:0,DHAP,negative,4
4,True,True,MLP,Lyso PG 16:0,DHAP,negative,4
5,True,True,MLP,Lyso PI 17:1,DHAP,negative,4
6,True,True,MLP,Lyso PS 17:1,DHAP,negative,4
7,True,True,MLP,Malic acid,DHAP,negative,4
8,False,True,MLP,Glycerol 3-phosphate,DHAP,negative,4
9,False,False,MLP,Glycerophosphocholine,DHAP,negative,4
10,False,False,MLP,Glycine,DHAP,negative,4
11,False,False,MLP,Guanine,DHAP,negative,4
12,False,False,MLP,Histamine,DHAP,negative,4
13,False,True,MLP,Homocysteine,DHAP,negative,4
14,False,True,MLP,Kynurenic acid,DHAP,negative,4
15,False,False,MLP,Kynurenine,DHAP,negative,4
0,True,False,MLP,Malonic acid,DHAP,negative,5
1,True,True,MLP,Mevalonic acid,DHAP,negative,5
2,True,True,MLP,N-Acetylaspartic acid,DHAP,negative,5
3,True,True,MLP,N-Acetylaspartylglutamic acid,DHAP,negative,5
4,True,False,MLP,N-Acetylgalactosamine 6-phosphate,DHAP,negative,5
5,True,True,MLP,Nicotinic acid,DHAP,negative,5
6,True,True,MLP,Orotic acid,DHAP,negative,5
7,True,False,MLP,Oxidized glutathione,DHAP,negative,5
8,False,False,MLP,Lactic acid,DHAP,negative,5
9,False,True,MLP,MG 18:1,DHAP,negative,5
10,False,False,MLP,Melatonin,DHAP,negative,5
11,False,True,MLP,Methionine,DHAP,negative,5
12,False,False,MLP,Myo-inositol 1-phosphate,DHAP,negative,5
13,False,False,MLP,N-Acetylglucosamine,DHAP,negative,5
14,False,True,MLP,"N6,N6,N6-Trimethyllysine",DHAP,negative,5
15,False,False,MLP,Niacinamide,DHAP,negative,5
0,True,True,MLP,PA 16:0-18:1,DHAP,negative,6
1,True,True,MLP,PC (O) C16-18:1,DHAP,negative,6
2,True,True,MLP,PE 18:0-20:4,DHAP,negative,6
3,True,True,MLP,PG 16:0-18:1,DHAP,negative,6
4,True,True,MLP,PI 16:0-18:1,DHAP,negative,6
5,True,True,MLP,PI(5)P 18:1,DHAP,negative,6
6,True,True,MLP,PS (POPS) 16:0-18:1,DHAP,negative,6
7,True,True,MLP,Palmitoyl-CoA,DHAP,negative,6
8,False,False,MLP,Nicotinamide adenine dinucleotide (NAD),DHAP,negative,6
9,False,False,MLP,"Nicotinamide adenine dinucleotide, reduced (NADH)",DHAP,negative,6
10,False,False,MLP,Nicotinamide riboside,DHAP,negative,6
11,False,True,MLP,Nicotinamide ribotide,DHAP,negative,6
12,False,True,MLP,Ornithine,DHAP,negative,6
13,False,True,MLP,Oxalacetic acid,DHAP,negative,6
14,False,True,MLP,PC 15:0-18:1,DHAP,negative,6
15,False,False,MLP,Palmitic acid,DHAP,negative,6
0,True,True,MLP,Pantetheine,DHAP,negative,7
1,True,True,MLP,Pantothenic acid,DHAP,negative,7
2,True,False,MLP,Phenylalanine,DHAP,negative,7
3,True,False,MLP,Phylloquinone,DHAP,negative,7
4,True,True,MLP,Proline,DHAP,negative,7
5,True,True,MLP,Prostaglandin E1,DHAP,negative,7
6,True,True,MLP,Pyridoxine,DHAP,negative,7
7,True,True,MLP,Quinolinic acid,DHAP,negative,7
8,False,True,MLP,Phosphocreatine,DHAP,negative,7
9,False,True,MLP,Phosphoenolpyruvic acid,DHAP,negative,7
10,False,False,MLP,Propionylcarnitine,DHAP,negative,7
11,False,False,MLP,Putrescine,DHAP,negative,7
12,False,False,MLP,Pyruvic acid,DHAP,negative,7
13,False,False,MLP,Retinoic acid,DHAP,negative,7
14,False,True,MLP,Ribulose,DHAP,negative,7
15,False,False,MLP,S-Adenosylhomocysteine,DHAP,negative,7
0,True,True,MLP,Riboflavin,DHAP,negative,8
1,True,False,MLP,Ribulose 5-phosphate,DHAP,negative,8
2,True,True,MLP,SM d18:1-16:0,DHAP,negative,8
3,True,False,MLP,Sulfo GalCer 18:0(2S-OH),DHAP,negative,8
4,True,False,MLP,Taurine,DHAP,negative,8
5,True,False,MLP,Taurocholic acid,DHAP,negative,8
6,True,False,MLP,Tryptophan,DHAP,negative,8
7,True,False,MLP,Uracil,DHAP,negative,8
8,False,False,MLP,S-Adenosylmethionine,DHAP,negative,8
9,False,True,MLP,Serine,DHAP,negative,8
10,False,False,MLP,Serotonin,DHAP,negative,8
11,False,False,MLP,Spermidine,DHAP,negative,8
12,False,False,MLP,Succinic acid,DHAP,negative,8
13,False,True,MLP,TG 15:0-18:1-15:0,DHAP,negative,8
14,False,True,MLP,Tetrahydrofolic acid,DHAP,negative,8
15,False,False,MLP,Thiamine,DHAP,negative,8
0,True,True,MLP,Ureidosuccinic acid,DHAP,negative,9
1,True,True,MLP,Uric acid,DHAP,negative,9
2,True,False,MLP,Uridine diphosphate glucose,DHAP,negative,9
3,True,False,MLP,Uridine diphosphate glucuronic acid,DHAP,negative,9
4,True,True,MLP,Urocanic acid,DHAP,negative,9
5,True,False,MLP,Valine,DHAP,negative,9
6,True,True,MLP,Xanthine,DHAP,negative,9
7,True,True,MLP,cis-Aconitic acid,DHAP,negative,9
8,False,False,MLP,Thymine,DHAP,negative,9
9,False,True,MLP,Tyrosine,DHAP,negative,9
10,False,False,MLP,Uridine,DHAP,negative,9
11,False,False,MLP,Uridine diphosphate,DHAP,negative,9
12,False,False,MLP,Uridine diphosphate-N-acetylglucosamine,DHAP,negative,9
13,False,True,MLP,alpha-tocopherol,DHAP,negative,9
14,False,False,MLP,gamma-Aminobutyric acid,DHAP,negative,9
15,False,True,MLP,myo-Inositol,DHAP,negative,9
0,True,False,MLP,2-Oxoglutaric acid,DHAP,positive,0
1,True,False,MLP,3-Hydroxyanthranilic acid,DHAP,positive,0
2,True,True,MLP,3-Hydroxymethylglutaric acid,DHAP,positive,0
3,True,False,MLP,"4,5-Dihydroorotic acid",DHAP,positive,0
4,True,True,MLP,4-Hydroxyproline,DHAP,positive,0
5,True,False,MLP,5-Hydroxyindoleacetic acid,DHAP,positive,0
6,True,True,MLP,Acetylcarnitine,DHAP,positive,0
7,True,True,MLP,Acetylcholine,DHAP,positive,0
8,True,True,MLP,Adenine,DHAP,positive,0
9,True,False,MLP,Adenosine monophosphate,DHAP,positive,0
10,True,True,MLP,Agmatine,DHAP,positive,0
11,True,True,MLP,Arginine,DHAP,positive,0
12,True,True,MLP,Argininosuccinic acid,DHAP,positive,0
13,False,False,MLP,3-Phosphoglyceric acid,DHAP,positive,0
14,False,False,MLP,6-Phosphogluconic acid,DHAP,positive,0
15,False,False,MLP,Acetoacetic acid,DHAP,positive,0
16,False,True,MLP,Acetyl-CoA,DHAP,positive,0
17,False,False,MLP,Adenosine diphosphate,DHAP,positive,0
0,True,True,MLP,Asparagine,DHAP,positive,1
1,True,True,MLP,Biotin,DHAP,positive,1
2,True,True,MLP,CAR 16:0,DHAP,positive,1
3,True,True,MLP,Cardiolipin 18:1,DHAP,positive,1
4,True,True,MLP,Carnitine,DHAP,positive,1
5,True,True,MLP,Carnosine,DHAP,positive,1
6,True,True,MLP,Cer d8:1/22:0 Cer,DHAP,positive,1
7,True,False,MLP,Cholesteryl ester 17:0,DHAP,positive,1
8,True,True,MLP,Cholic acid,DHAP,positive,1
9,True,True,MLP,Choline,DHAP,positive,1
10,True,True,MLP,Citric acid,DHAP,positive,1
11,True,True,MLP,Citrulline,DHAP,positive,1
12,True,False,MLP,Coenzyme A,DHAP,positive,1
13,False,True,MLP,Ascorbic acid,DHAP,positive,1
14,False,False,MLP,Aspartic acid,DHAP,positive,1
15,False,False,MLP,Butyric acid,DHAP,positive,1
16,False,False,MLP,Cholecalciferol,DHAP,positive,1
0,True,True,MLP,Creatine,DHAP,positive,2
1,True,True,MLP,Creatinine,DHAP,positive,2
2,True,True,MLP,Cyclic adenosine monophosphate,DHAP,positive,2
3,True,True,MLP,Cysteine,DHAP,positive,2
4,True,False,MLP,Cytidine,DHAP,positive,2
5,True,True,MLP,Cytosine,DHAP,positive,2
6,True,True,MLP,DG 18:0-22:6,DHAP,positive,2
7,True,False,MLP,Dihydroxyacetone phosphate,DHAP,positive,2
8,True,True,MLP,Dopamine,DHAP,positive,2
9,True,True,MLP,Epinephrine,DHAP,positive,2
10,True,True,MLP,Estradiol,DHAP,positive,2
11,True,False,MLP,Flavin adenine dinucleotide,DHAP,positive,2
12,True,False,MLP,Folic acid,DHAP,positive,2
13,False,False,MLP,Cholesterol,DHAP,positive,2
14,False,True,MLP,Cholesteryl acetate,DHAP,positive,2
15,False,True,MLP,Cystine,DHAP,positive,2
16,False,False,MLP,Cytidine monophosphate,DHAP,positive,2
0,True,False,MLP,"Fructose 1,6-bisphosphate",DHAP,positive,3
1,True,False,MLP,GM3 Ganglioside 18:0,DHAP,positive,3
2,True,True,MLP,GlcCer d18:1/18:0,DHAP,positive,3
3,True,True,MLP,Glucosamine,DHAP,positive,3
4,True,False,MLP,Glucosamine 6-phosphate,DHAP,positive,3
5,True,False,MLP,Glucose,DHAP,positive,3
6,True,True,MLP,Glucosyl cholesterol,DHAP,positive,3
7,True,True,MLP,Glutamine,DHAP,positive,3
8,True,True,MLP,Glutathione,DHAP,positive,3
9,True,True,MLP,Glycerophosphocholine,DHAP,positive,3
10,True,True,MLP,Glycine,DHAP,positive,3
11,True,True,MLP,Histamine,DHAP,positive,3
12,True,True,MLP,Histidine,DHAP,positive,3
13,False,True,MLP,Dihydroxyacetone,DHAP,positive,3
14,False,True,MLP,Flavin mononucleotide,DHAP,positive,3
15,False,False,MLP,Fumaric acid,DHAP,positive,3
16,False,False,MLP,Gluconic acid,DHAP,positive,3
0,True,True,MLP,Homocysteine,DHAP,positive,4
1,True,True,MLP,Hypoxanthine,DHAP,positive,4
2,True,True,MLP,Kynurenic acid,DHAP,positive,4
3,True,True,MLP,Kynurenine,DHAP,positive,4
4,True,True,MLP,L-Dopa,DHAP,positive,4
5,True,True,MLP,Lyso PA 18:1,DHAP,positive,4
6,True,True,MLP,Lyso PC 15:0,DHAP,positive,4
7,True,True,MLP,Lyso PE 18:0,DHAP,positive,4
8,True,True,MLP,Lyso PG 16:0,DHAP,positive,4
9,True,True,MLP,Lyso PI 17:1,DHAP,positive,4
10,True,True,MLP,Lyso PS 17:1,DHAP,positive,4
11,True,True,MLP,MG 18:1,DHAP,positive,4
12,False,False,MLP,Glucose 6-phosphate,DHAP,positive,4
13,False,False,MLP,Glutamic acid,DHAP,positive,4
14,False,False,MLP,Glycerol 3-phosphate,DHAP,positive,4
15,False,True,MLP,Guanine,DHAP,positive,4
0,True,False,MLP,Malic acid,DHAP,positive,5
1,True,False,MLP,Malonic acid,DHAP,positive,5
2,True,True,MLP,Melatonin,DHAP,positive,5
3,True,True,MLP,Methionine,DHAP,positive,5
4,True,True,MLP,Mevalonic acid,DHAP,positive,5
5,True,False,MLP,Myo-inositol 1-phosphate,DHAP,positive,5
6,True,True,MLP,N-Acetylaspartic acid,DHAP,positive,5
7,True,True,MLP,N-Acetylaspartylglutamic acid,DHAP,positive,5
8,True,False,MLP,N-Acetylgalactosamine 6-phosphate,DHAP,positive,5
9,True,True,MLP,N-Acetylglucosamine,DHAP,positive,5
10,True,True,MLP,"N6,N6,N6-Trimethyllysine",DHAP,positive,5
11,True,True,MLP,Niacinamide,DHAP,positive,5
12,False,False,MLP,Lactic acid,DHAP,positive,5
13,False,True,MLP,Nicotinamide adenine dinucleotide (NAD),DHAP,positive,5
14,False,False,MLP,"Nicotinamide adenine dinucleotide, reduced (NADH)",DHAP,positive,5
15,False,False,MLP,Orotic acid,DHAP,positive,5
0,True,True,MLP,Nicotinamide riboside,DHAP,positive,6
1,True,False,MLP,Nicotinamide ribotide,DHAP,positive,6
2,True,False,MLP,Nicotinic acid,DHAP,positive,6
3,True,True,MLP,Ornithine,DHAP,positive,6
4,True,True,MLP,Oxidized glutathione,DHAP,positive,6
5,True,True,MLP,PA 16:0-18:1,DHAP,positive,6
6,True,True,MLP,PC (O) C16-18:1,DHAP,positive,6
7,True,True,MLP,PC 15:0-18:1,DHAP,positive,6
8,True,True,MLP,PE 18:0-20:4,DHAP,positive,6
9,True,True,MLP,PG 16:0-18:1,DHAP,positive,6
10,True,True,MLP,PI 16:0-18:1,DHAP,positive,6
11,True,True,MLP,PI(5)P 18:1,DHAP,positive,6
12,False,True,MLP,Oxalacetic acid,DHAP,positive,6
13,False,True,MLP,Palmitic acid,DHAP,positive,6
14,False,False,MLP,Phosphocreatine,DHAP,positive,6
15,False,True,MLP,Phosphoenolpyruvic acid,DHAP,positive,6
0,True,True,MLP,PS (POPS) 16:0-18:1,DHAP,positive,7
1,True,True,MLP,Palmitoyl-CoA,DHAP,positive,7
2,True,True,MLP,Pantetheine,DHAP,positive,7
3,True,True,MLP,Pantothenic acid,DHAP,positive,7
4,True,True,MLP,Phenylalanine,DHAP,positive,7
5,True,True,MLP,Phylloquinone,DHAP,positive,7
6,True,True,MLP,Proline,DHAP,positive,7
7,True,True,MLP,Propionylcarnitine,DHAP,positive,7
8,True,True,MLP,Prostaglandin E1,DHAP,positive,7
9,True,True,MLP,Putrescine,DHAP,positive,7
10,True,True,MLP,Pyridoxine,DHAP,positive,7
11,True,False,MLP,Retinoic acid,DHAP,positive,7
12,False,False,MLP,Pyruvic acid,DHAP,positive,7
13,False,True,MLP,Quinolinic acid,DHAP,positive,7
14,False,False,MLP,Ribulose,DHAP,positive,7
15,False,False,MLP,Ribulose 5-phosphate,DHAP,positive,7
0,True,True,MLP,Riboflavin,DHAP,positive,8
1,True,True,MLP,S-Adenosylhomocysteine,DHAP,positive,8
2,True,True,MLP,S-Adenosylmethionine,DHAP,positive,8
3,True,True,MLP,SM d18:1-16:0,DHAP,positive,8
4,True,True,MLP,Serotonin,DHAP,positive,8
5,True,True,MLP,Spermidine,DHAP,positive,8
6,True,False,MLP,Succinic acid,DHAP,positive,8
7,True,False,MLP,Sulfo GalCer 18:0(2S-OH),DHAP,positive,8
8,True,True,MLP,TG 15:0-18:1-15:0,DHAP,positive,8
9,True,False,MLP,Taurine,DHAP,positive,8
10,True,True,MLP,Taurocholic acid,DHAP,positive,8
11,True,True,MLP,Tetrahydrofolic acid,DHAP,positive,8
12,False,True,MLP,Serine,DHAP,positive,8
13,False,True,MLP,Tyrosine,DHAP,positive,8
14,False,True,MLP,Uric acid,DHAP,positive,8
15,False,True,MLP,Uridine,DHAP,positive,8
0,True,True,MLP,Thiamine,DHAP,positive,9
1,True,False,MLP,Thymine,DHAP,positive,9
2,True,True,MLP,Tryptophan,DHAP,positive,9
3,True,False,MLP,Uracil,DHAP,positive,9
4,True,False,MLP,Ureidosuccinic acid,DHAP,positive,9
5,True,True,MLP,Urocanic acid,DHAP,positive,9
6,True,True,MLP,Valine,DHAP,positive,9
7,True,False,MLP,Xanthine,DHAP,positive,9
8,True,False,MLP,alpha-tocopherol,DHAP,positive,9
9,True,False,MLP,cis-Aconitic acid,DHAP,positive,9
10,True,True,MLP,gamma-Aminobutyric acid,DHAP,positive,9
11,True,False,MLP,myo-Inositol,DHAP,positive,9
12,False,False,MLP,Uridine diphosphate,DHAP,positive,9
13,False,False,MLP,Uridine diphosphate glucose,DHAP,positive,9
14,False,False,MLP,Uridine diphosphate glucuronic acid,DHAP,positive,9
15,False,False,MLP,Uridine diphosphate-N-acetylglucosamine,DHAP,positive,9
0,True,True,MLP,2-Oxoglutaric acid,DHB,negative,0
1,True,True,MLP,3-Phosphoglyceric acid,DHB,negative,0
2,True,True,MLP,"4,5-Dihydroorotic acid",DHB,negative,0
3,True,True,MLP,6-Phosphogluconic acid,DHB,negative,0
4,True,True,MLP,Acetyl-CoA,DHB,negative,0
5,True,True,MLP,Adenosine diphosphate,DHB,negative,0
6,True,True,MLP,Adenosine monophosphate,DHB,negative,0
7,False,False,MLP,3-Hydroxyanthranilic acid,DHB,negative,0
8,False,True,MLP,3-Hydroxymethylglutaric acid,DHB,negative,0
9,False,False,MLP,4-Hydroxyproline,DHB,negative,0
10,False,False,MLP,5-Hydroxyindoleacetic acid,DHB,negative,0
11,False,False,MLP,Acetoacetic acid,DHB,negative,0
12,False,False,MLP,Acetylcarnitine,DHB,negative,0
13,False,False,MLP,Acetylcholine,DHB,negative,0
14,False,True,MLP,Adenine,DHB,negative,0
15,False,False,MLP,Agmatine,DHB,negative,0
0,True,True,MLP,Ascorbic acid,DHB,negative,1
1,True,True,MLP,Aspartic acid,DHB,negative,1
2,True,True,MLP,Cardiolipin 18:1,DHB,negative,1
3,True,False,MLP,Carnosine,DHB,negative,1
4,True,True,MLP,Citric acid,DHB,negative,1
5,True,True,MLP,Coenzyme A,DHB,negative,1
6,True,False,MLP,Creatinine,DHB,negative,1
7,False,False,MLP,Arginine,DHB,negative,1
8,False,True,MLP,Argininosuccinic acid,DHB,negative,1
9,False,False,MLP,Asparagine,DHB,negative,1
10,False,False,MLP,Biotin,DHB,negative,1
11,False,False,MLP,Butyric acid,DHB,negative,1
12,False,False,MLP,Carnitine,DHB,negative,1
13,False,False,MLP,Cholesteryl acetate,DHB,negative,1
14,False,True,MLP,Cholic acid,DHB,negative,1
15,False,False,MLP,Choline,DHB,negative,1
0,True,True,MLP,Cyclic adenosine monophosphate,DHB,negative,2
1,True,False,MLP,Dihydroxyacetone phosphate,DHB,negative,2
2,True,True,MLP,Flavin adenine dinucleotide,DHB,negative,2
3,True,True,MLP,"Fructose 1,6-bisphosphate",DHB,negative,2
4,True,True,MLP,Fumaric acid,DHB,negative,2
5,True,True,MLP,GM3 Ganglioside 18:0,DHB,negative,2
6,True,False,MLP,Gluconic acid,DHB,negative,2
7,False,True,MLP,Citrulline,DHB,negative,2
8,False,False,MLP,Creatine,DHB,negative,2
9,False,False,MLP,Cysteine,DHB,negative,2
10,False,False,MLP,Cystine,DHB,negative,2
11,False,False,MLP,Cytidine,DHB,negative,2
12,False,True,MLP,Cytidine monophosphate,DHB,negative,2
13,False,True,MLP,Cytosine,DHB,negative,2
14,False,False,MLP,DG 18:0-22:6,DHB,negative,2
15,False,True,MLP,Dihydroxyacetone,DHB,negative,2
0,True,False,MLP,Glucosamine 6-phosphate,DHB,negative,3
1,True,True,MLP,Glutamic acid,DHB,negative,3
2,True,False,MLP,Glutathione,DHB,negative,3
3,True,False,MLP,Hypoxanthine,DHB,negative,3
4,True,False,MLP,Lyso PE 18:0,DHB,negative,3
5,True,True,MLP,Lyso PG 16:0,DHB,negative,3
6,True,True,MLP,Lyso PI 17:1,DHB,negative,3
7,False,False,MLP,Dopamine,DHB,negative,3
8,False,False,MLP,Epinephrine,DHB,negative,3
9,False,False,MLP,Estradiol,DHB,negative,3
10,False,True,MLP,Flavin mononucleotide,DHB,negative,3
11,False,True,MLP,Folic acid,DHB,negative,3
12,False,False,MLP,Glucosamine,DHB,negative,3
13,False,False,MLP,Glucose,DHB,negative,3
14,False,True,MLP,Glucose 6-phosphate,DHB,negative,3
15,False,False,MLP,Glutamine,DHB,negative,3
0,True,True,MLP,Lyso PS 17:1,DHB,negative,4
1,True,True,MLP,Malic acid,DHB,negative,4
2,True,False,MLP,Malonic acid,DHB,negative,4
3,True,True,MLP,Myo-inositol 1-phosphate,DHB,negative,4
4,True,True,MLP,N-Acetylaspartic acid,DHB,negative,4
5,True,True,MLP,N-Acetylaspartylglutamic acid,DHB,negative,4
6,False,True,MLP,Glycerol 3-phosphate,DHB,negative,4
7,False,False,MLP,Glycerophosphocholine,DHB,negative,4
8,False,False,MLP,Glycine,DHB,negative,4
9,False,False,MLP,Guanine,DHB,negative,4
10,False,False,MLP,Histamine,DHB,negative,4
11,False,False,MLP,Histidine,DHB,negative,4
12,False,False,MLP,Homocysteine,DHB,negative,4
13,False,False,MLP,Kynurenic acid,DHB,negative,4
14,False,False,MLP,Kynurenine,DHB,negative,4
0,True,False,MLP,N-Acetylgalactosamine 6-phosphate,DHB,negative,5
1,True,True,MLP,Nicotinamide adenine dinucleotide (NAD),DHB,negative,5
2,True,True,MLP,"Nicotinamide adenine dinucleotide, reduced (NADH)",DHB,negative,5
3,True,True,MLP,Orotic acid,DHB,negative,5
4,True,True,MLP,Oxidized glutathione,DHB,negative,5
5,True,False,MLP,PA 16:0-18:1,DHB,negative,5
6,False,False,MLP,L-Dopa,DHB,negative,5
7,False,False,MLP,Lactic acid,DHB,negative,5
8,False,False,MLP,Lyso PC 15:0,DHB,negative,5
9,False,False,MLP,MG 18:1,DHB,negative,5
10,False,False,MLP,Melatonin,DHB,negative,5
11,False,False,MLP,Methionine,DHB,negative,5
12,False,False,MLP,Mevalonic acid,DHB,negative,5
13,False,False,MLP,N-Acetylglucosamine,DHB,negative,5
14,False,False,MLP,"N6,N6,N6-Trimethyllysine",DHB,negative,5
0,True,True,MLP,PG 16:0-18:1,DHB,negative,6
1,True,True,MLP,PI 16:0-18:1,DHB,negative,6
2,True,True,MLP,PI(5)P 18:1,DHB,negative,6
3,True,True,MLP,PS (POPS) 16:0-18:1,DHB,negative,6
4,True,True,MLP,Palmitoyl-CoA,DHB,negative,6
5,True,True,MLP,Phosphoenolpyruvic acid,DHB,negative,6
6,False,False,MLP,Niacinamide,DHB,negative,6
7,False,False,MLP,Nicotinamide riboside,DHB,negative,6
8,False,True,MLP,Nicotinamide ribotide,DHB,negative,6
9,False,True,MLP,Nicotinic acid,DHB,negative,6
10,False,False,MLP,Ornithine,DHB,negative,6
11,False,True,MLP,Oxalacetic acid,DHB,negative,6
12,False,False,MLP,PC (O) C16-18:1,DHB,negative,6
13,False,True,MLP,PE 18:0-20:4,DHB,negative,6
14,False,False,MLP,Palmitic acid,DHB,negative,6
0,True,False,MLP,Phylloquinone,DHB,negative,7
1,True,True,MLP,Quinolinic acid,DHB,negative,7
2,True,False,MLP,Riboflavin,DHB,negative,7
3,True,True,MLP,Ribulose 5-phosphate,DHB,negative,7
4,True,False,MLP,S-Adenosylhomocysteine,DHB,negative,7
5,True,True,MLP,Succinic acid,DHB,negative,7
6,False,False,MLP,Pantetheine,DHB,negative,7
7,False,False,MLP,Pantothenic acid,DHB,negative,7
8,False,False,MLP,Phenylalanine,DHB,negative,7
9,False,True,MLP,Phosphocreatine,DHB,negative,7
10,False,False,MLP,Proline,DHB,negative,7
11,False,False,MLP,Propionylcarnitine,DHB,negative,7
12,False,False,MLP,Putrescine,DHB,negative,7
13,False,False,MLP,Pyruvic acid,DHB,negative,7
14,False,False,MLP,Retinoic acid,DHB,negative,7
0,True,False,MLP,Sulfo GalCer 18:0(2S-OH),DHB,negative,8
1,True,False,MLP,Taurine,DHB,negative,8
2,True,False,MLP,Taurocholic acid,DHB,negative,8
3,True,True,MLP,Ureidosuccinic acid,DHB,negative,8
4,True,True,MLP,Uric acid,DHB,negative,8
5,True,True,MLP,Uridine diphosphate,DHB,negative,8
6,False,False,MLP,Ribulose,DHB,negative,8
7,False,True,MLP,S-Adenosylmethionine,DHB,negative,8
8,False,False,MLP,Serine,DHB,negative,8
9,False,False,MLP,Serotonin,DHB,negative,8
10,False,False,MLP,Spermidine,DHB,negative,8
11,False,True,MLP,TG 15:0-18:1-15:0,DHB,negative,8
12,False,False,MLP,Tetrahydrofolic acid,DHB,negative,8
13,False,False,MLP,Thiamine,DHB,negative,8
14,False,False,MLP,Thymine,DHB,negative,8
0,True,True,MLP,Uridine diphosphate glucose,DHB,negative,9
1,True,True,MLP,Uridine diphosphate glucuronic acid,DHB,negative,9
2,True,True,MLP,Uridine diphosphate-N-acetylglucosamine,DHB,negative,9
3,True,False,MLP,Urocanic acid,DHB,negative,9
4,True,False,MLP,Xanthine,DHB,negative,9
5,True,True,MLP,cis-Aconitic acid,DHB,negative,9
6,False,False,MLP,Tryptophan,DHB,negative,9
7,False,False,MLP,Tyrosine,DHB,negative,9
8,False,False,MLP,Uracil,DHB,negative,9
9,False,False,MLP,Uridine,DHB,negative,9
10,False,False,MLP,Valine,DHB,negative,9
11,False,False,MLP,alpha-tocopherol,DHB,negative,9
12,False,False,MLP,gamma-Aminobutyric acid,DHB,negative,9
13,False,False,MLP,myo-Inositol,DHB,negative,9
0,True,True,MLP,2-Oxoglutaric acid,DHB,positive,0
1,True,True,MLP,3-Hydroxyanthranilic acid,DHB,positive,0
2,True,True,MLP,3-Phosphoglyceric acid,DHB,positive,0
3,True,False,MLP,"4,5-Dihydroorotic acid",DHB,positive,0
4,True,True,MLP,4-Hydroxyproline,DHB,positive,0
5,True,True,MLP,5-Hydroxyindoleacetic acid,DHB,positive,0
6,True,True,MLP,6-Phosphogluconic acid,DHB,positive,0
7,True,True,MLP,Acetyl-CoA,DHB,positive,0
8,True,True,MLP,Acetylcarnitine,DHB,positive,0
9,True,False,MLP,Acetylcholine,DHB,positive,0
10,True,True,MLP,Adenine,DHB,positive,0
11,True,True,MLP,Adenosine diphosphate,DHB,positive,0
12,True,True,MLP,Adenosine monophosphate,DHB,positive,0
13,True,True,MLP,Agmatine,DHB,positive,0
14,True,True,MLP,Arginine,DHB,positive,0
15,False,True,MLP,3-Hydroxymethylglutaric acid,DHB,positive,0
16,False,False,MLP,Acetoacetic acid,DHB,positive,0
0,True,True,MLP,Argininosuccinic acid,DHB,positive,1
1,True,True,MLP,Ascorbic acid,DHB,positive,1
2,True,True,MLP,Asparagine,DHB,positive,1
3,True,True,MLP,Aspartic acid,DHB,positive,1
4,True,True,MLP,Biotin,DHB,positive,1
5,True,True,MLP,CAR 16:0,DHB,positive,1
6,True,True,MLP,Cardiolipin 18:1,DHB,positive,1
7,True,True,MLP,Carnitine,DHB,positive,1
8,True,True,MLP,Carnosine,DHB,positive,1
9,True,True,MLP,Cer d8:1/22:0 Cer,DHB,positive,1
10,True,True,MLP,Cholecalciferol,DHB,positive,1
11,True,False,MLP,Cholesteryl ester 17:0,DHB,positive,1
12,True,True,MLP,Cholic acid,DHB,positive,1
13,True,True,MLP,Choline,DHB,positive,1
14,True,True,MLP,Citric acid,DHB,positive,1
15,False,False,MLP,Butyric acid,DHB,positive,1
16,False,True,MLP,Cholesterol,DHB,positive,1
0,True,True,MLP,Citrulline,DHB,positive,2
1,True,True,MLP,Coenzyme A,DHB,positive,2
2,True,True,MLP,Creatine,DHB,positive,2
3,True,True,MLP,Creatinine,DHB,positive,2
4,True,True,MLP,Cyclic adenosine monophosphate,DHB,positive,2
5,True,True,MLP,Cysteine,DHB,positive,2
6,True,True,MLP,Cystine,DHB,positive,2
7,True,True,MLP,Cytidine,DHB,positive,2
8,True,True,MLP,Cytidine monophosphate,DHB,positive,2
9,True,True,MLP,Cytosine,DHB,positive,2
10,True,True,MLP,DG 18:0-22:6,DHB,positive,2
11,True,False,MLP,Dihydroxyacetone phosphate,DHB,positive,2
12,True,True,MLP,Dopamine,DHB,positive,2
13,True,True,MLP,Epinephrine,DHB,positive,2
14,True,True,MLP,Estradiol,DHB,positive,2
15,False,True,MLP,Cholesteryl acetate,DHB,positive,2
16,False,False,MLP,Dihydroxyacetone,DHB,positive,2
0,True,True,MLP,Flavin adenine dinucleotide,DHB,positive,3
1,True,True,MLP,Flavin mononucleotide,DHB,positive,3
2,True,True,MLP,Folic acid,DHB,positive,3
3,True,True,MLP,"Fructose 1,6-bisphosphate",DHB,positive,3
4,True,False,MLP,Fumaric acid,DHB,positive,3
5,True,True,MLP,GM3 Ganglioside 18:0,DHB,positive,3
6,True,True,MLP,GlcCer d18:1/18:0,DHB,positive,3
7,True,False,MLP,Gluconic acid,DHB,positive,3
8,True,True,MLP,Glucosamine,DHB,positive,3
9,True,True,MLP,Glucosamine 6-phosphate,DHB,positive,3
10,True,True,MLP,Glucosyl cholesterol,DHB,positive,3
11,True,True,MLP,Glutamic acid,DHB,positive,3
12,True,True,MLP,Glutamine,DHB,positive,3
13,True,True,MLP,Glutathione,DHB,positive,3
14,True,True,MLP,Glycerophosphocholine,DHB,positive,3
15,False,False,MLP,Glucose,DHB,positive,3
16,False,False,MLP,Glucose 6-phosphate,DHB,positive,3
0,True,True,MLP,Glycine,DHB,positive,4
1,True,True,MLP,Guanine,DHB,positive,4
2,True,True,MLP,Histamine,DHB,positive,4
3,True,True,MLP,Histidine,DHB,positive,4
4,True,True,MLP,Homocysteine,DHB,positive,4
5,True,True,MLP,Hypoxanthine,DHB,positive,4
6,True,False,MLP,Kynurenic acid,DHB,positive,4
7,True,True,MLP,Kynurenine,DHB,positive,4
8,True,True,MLP,L-Dopa,DHB,positive,4
9,True,True,MLP,Lyso PA 18:1,DHB,positive,4
10,True,True,MLP,Lyso PC 15:0,DHB,positive,4
11,True,True,MLP,Lyso PE 18:0,DHB,positive,4
12,True,True,MLP,Lyso PG 16:0,DHB,positive,4
13,True,True,MLP,Lyso PI 17:1,DHB,positive,4
14,True,True,MLP,Lyso PS 17:1,DHB,positive,4
15,False,True,MLP,Glycerol 3-phosphate,DHB,positive,4
16,False,False,MLP,Lactic acid,DHB,positive,4
0,True,True,MLP,MG 18:1,DHB,positive,5
1,True,False,MLP,Malic acid,DHB,positive,5
2,True,False,MLP,Malonic acid,DHB,positive,5
3,True,True,MLP,Melatonin,DHB,positive,5
4,True,True,MLP,Methionine,DHB,positive,5
5,True,True,MLP,Mevalonic acid,DHB,positive,5
6,True,False,MLP,N-Acetylaspartic acid,DHB,positive,5
7,True,True,MLP,N-Acetylaspartylglutamic acid,DHB,positive,5
8,True,True,MLP,N-Acetylgalactosamine 6-phosphate,DHB,positive,5
9,True,True,MLP,N-Acetylglucosamine,DHB,positive,5
10,True,True,MLP,"N6,N6,N6-Trimethyllysine",DHB,positive,5
11,True,True,MLP,Niacinamide,DHB,positive,5
12,True,True,MLP,Nicotinamide adenine dinucleotide (NAD),DHB,positive,5
13,True,True,MLP,"Nicotinamide adenine dinucleotide, reduced (NADH)",DHB,positive,5
14,True,True,MLP,Nicotinamide riboside,DHB,positive,5
15,False,False,MLP,Myo-inositol 1-phosphate,DHB,positive,5
16,False,True,MLP,Orotic acid,DHB,positive,5
0,True,True,MLP,Nicotinamide ribotide,DHB,positive,6
1,True,True,MLP,Nicotinic acid,DHB,positive,6
2,True,True,MLP,Ornithine,DHB,positive,6
3,True,True,MLP,Oxidized glutathione,DHB,positive,6
4,True,True,MLP,PA 16:0-18:1,DHB,positive,6
5,True,True,MLP,PC (O) C16-18:1,DHB,positive,6
6,True,True,MLP,PC 15:0-18:1,DHB,positive,6
7,True,True,MLP,PE 18:0-20:4,DHB,positive,6
8,True,True,MLP,PG 16:0-18:1,DHB,positive,6
9,True,True,MLP,PI 16:0-18:1,DHB,positive,6
10,True,True,MLP,PI(5)P 18:1,DHB,positive,6
11,True,True,MLP,PS (POPS) 16:0-18:1,DHB,positive,6
12,True,True,MLP,Palmitoyl-CoA,DHB,positive,6
13,True,True,MLP,Pantetheine,DHB,positive,6
14,True,True,MLP,Pantothenic acid,DHB,positive,6
15,False,True,MLP,Oxalacetic acid,DHB,positive,6
16,False,True,MLP,Palmitic acid,DHB,positive,6
0,True,True,MLP,Phenylalanine,DHB,positive,7
1,True,True,MLP,Phosphocreatine,DHB,positive,7
2,True,True,MLP,Phosphoenolpyruvic acid,DHB,positive,7
3,True,False,MLP,Phylloquinone,DHB,positive,7
4,True,True,MLP,Proline,DHB,positive,7
5,True,True,MLP,Propionylcarnitine,DHB,positive,7
6,True,True,MLP,Prostaglandin E1,DHB,positive,7
7,True,True,MLP,Putrescine,DHB,positive,7
8,True,True,MLP,Pyridoxine,DHB,positive,7
9,True,True,MLP,Quinolinic acid,DHB,positive,7
10,True,False,MLP,Retinoic acid,DHB,positive,7
11,True,True,MLP,Riboflavin,DHB,positive,7
12,True,False,MLP,Ribulose 5-phosphate,DHB,positive,7
13,True,True,MLP,S-Adenosylhomocysteine,DHB,positive,7
14,True,True,MLP,S-Adenosylmethionine,DHB,positive,7
15,False,False,MLP,Pyruvic acid,DHB,positive,7
0,True,True,MLP,SM d18:1-16:0,DHB,positive,8
1,True,True,MLP,Serine,DHB,positive,8
2,True,True,MLP,Serotonin,DHB,positive,8
3,True,True,MLP,Spermidine,DHB,positive,8
4,True,True,MLP,Succinic acid,DHB,positive,8
5,True,True,MLP,Sulfo GalCer 18:0(2S-OH),DHB,positive,8
6,True,True,MLP,TG 15:0-18:1-15:0,DHB,positive,8
7,True,True,MLP,Taurine,DHB,positive,8
8,True,True,MLP,Taurocholic acid,DHB,positive,8
9,True,True,MLP,Tetrahydrofolic acid,DHB,positive,8
10,True,True,MLP,Thiamine,DHB,positive,8
11,True,True,MLP,Thymine,DHB,positive,8
12,True,True,MLP,Tryptophan,DHB,positive,8
13,True,True,MLP,Tyrosine,DHB,positive,8
14,False,False,MLP,Ribulose,DHB,positive,8
0,True,False,MLP,Uracil,DHB,positive,9
1,True,True,MLP,Ureidosuccinic acid,DHB,positive,9
2,True,False,MLP,Uric acid,DHB,positive,9
3,True,True,MLP,Uridine,DHB,positive,9
4,True,True,MLP,Uridine diphosphate,DHB,positive,9
5,True,True,MLP,Uridine diphosphate glucose,DHB,positive,9
6,True,True,MLP,Uridine diphosphate glucuronic acid,DHB,positive,9
7,True,True,MLP,Uridine diphosphate-N-acetylglucosamine,DHB,positive,9
8,True,True,MLP,Urocanic acid,DHB,positive,9
9,True,True,MLP,Valine,DHB,positive,9
10,True,True,MLP,Xanthine,DHB,positive,9
11,True,True,MLP,alpha-tocopherol,DHB,positive,9
12,True,True,MLP,cis-Aconitic acid,DHB,positive,9
13,True,True,MLP,gamma-Aminobutyric acid,DHB,positive,9
14,False,False,MLP,myo-Inositol,DHB,positive,9
0,True,False,MLP,2-Oxoglutaric acid,MAPS,negative,0
1,True,False,MLP,3-Hydroxyanthranilic acid,MAPS,negative,0
2,True,True,MLP,3-Hydroxymethylglutaric acid,MAPS,negative,0
3,True,False,MLP,Adenine,MAPS,negative,0
4,False,False,MLP,3-Phosphoglyceric acid,MAPS,negative,0
5,False,True,MLP,"4,5-Dihydroorotic acid",MAPS,negative,0
6,False,False,MLP,4-Hydroxyproline,MAPS,negative,0
7,False,True,MLP,5-Hydroxyindoleacetic acid,MAPS,negative,0
8,False,False,MLP,6-Phosphogluconic acid,MAPS,negative,0
9,False,False,MLP,Acetoacetic acid,MAPS,negative,0
10,False,True,MLP,Acetyl-CoA,MAPS,negative,0
11,False,False,MLP,Acetylcarnitine,MAPS,negative,0
12,False,False,MLP,Acetylcholine,MAPS,negative,0
13,False,False,MLP,Adenosine diphosphate,MAPS,negative,0
14,False,False,MLP,Adenosine monophosphate,MAPS,negative,0
15,False,False,MLP,Agmatine,MAPS,negative,0
16,False,False,MLP,Arginine,MAPS,negative,0
0,True,True,MLP,Cardiolipin 18:1,MAPS,negative,1
1,True,False,MLP,Cer d8:1/22:0 Cer,MAPS,negative,1
2,True,True,MLP,Cholic acid,MAPS,negative,1
3,True,False,MLP,Cysteine,MAPS,negative,1
4,False,False,MLP,Argininosuccinic acid,MAPS,negative,1
5,False,False,MLP,Ascorbic acid,MAPS,negative,1
6,False,False,MLP,Asparagine,MAPS,negative,1
7,False,False,MLP,Aspartic acid,MAPS,negative,1
8,False,True,MLP,Biotin,MAPS,negative,1
9,False,False,MLP,Butyric acid,MAPS,negative,1
10,False,False,MLP,CAR 16:0,MAPS,negative,1
11,False,False,MLP,Carnitine,MAPS,negative,1
12,False,False,MLP,Carnosine,MAPS,negative,1
13,False,False,MLP,Cholecalciferol,MAPS,negative,1
14,False,False,MLP,Cholesterol,MAPS,negative,1
15,False,False,MLP,Cholesteryl acetate,MAPS,negative,1
16,False,False,MLP,Choline,MAPS,negative,1
0,True,False,MLP,GlcCer d18:1/18:0,MAPS,negative,2
1,True,True,MLP,Glucosyl cholesterol,MAPS,negative,2
2,True,False,MLP,Kynurenic acid,MAPS,negative,2
3,True,False,MLP,Kynurenine,MAPS,negative,2
4,False,True,MLP,Citric acid,MAPS,negative,2
5,False,False,MLP,Citrulline,MAPS,negative,2
6,False,False,MLP,Coenzyme A,MAPS,negative,2
7,False,False,MLP,Creatine,MAPS,negative,2
8,False,False,MLP,Creatinine,MAPS,negative,2
9,False,False,MLP,Cyclic adenosine monophosphate,MAPS,negative,2
10,False,False,MLP,Cystine,MAPS,negative,2
11,False,False,MLP,Cytidine,MAPS,negative,2
12,False,False,MLP,Cytidine monophosphate,MAPS,negative,2
13,False,True,MLP,Cytosine,MAPS,negative,2
14,False,True,MLP,Dihydroxyacetone,MAPS,negative,2
15,False,False,MLP,Dihydroxyacetone phosphate,MAPS,negative,2
0,True,True,MLP,Lyso PA 18:1,MAPS,negative,3
1,True,True,MLP,Lyso PE 18:0,MAPS,negative,3
2,True,True,MLP,Lyso PG 16:0,MAPS,negative,3
3,True,True,MLP,Lyso PI 17:1,MAPS,negative,3
4,False,False,MLP,Dopamine,MAPS,negative,3
5,False,False,MLP,Epinephrine,MAPS,negative,3
6,False,False,MLP,Estradiol,MAPS,negative,3
7,False,False,MLP,Flavin adenine dinucleotide,MAPS,negative,3
8,False,True,MLP,Flavin mononucleotide,MAPS,negative,3
9,False,False,MLP,Folic acid,MAPS,negative,3
10,False,False,MLP,"Fructose 1,6-bisphosphate",MAPS,negative,3
11,False,False,MLP,Fumaric acid,MAPS,negative,3
12,False,False,MLP,GM3 Ganglioside 18:0,MAPS,negative,3
13,False,False,MLP,Gluconic acid,MAPS,negative,3
14,False,False,MLP,Glucosamine,MAPS,negative,3
15,False,False,MLP,Glucosamine 6-phosphate,MAPS,negative,3
0,True,True,MLP,Lyso PS 17:1,MAPS,negative,4
1,True,False,MLP,Malic acid,MAPS,negative,4
2,True,True,MLP,N-Acetylaspartic acid,MAPS,negative,4
3,True,True,MLP,PA 16:0-18:1,MAPS,negative,4
4,False,False,MLP,Glucose,MAPS,negative,4
5,False,False,MLP,Glucose 6-phosphate,MAPS,negative,4
6,False,False,MLP,Glutamic acid,MAPS,negative,4
7,False,False,MLP,Glutamine,MAPS,negative,4
8,False,False,MLP,Glutathione,MAPS,negative,4
9,False,False,MLP,Glycerol 3-phosphate,MAPS,negative,4
10,False,True,MLP,Glycerophosphocholine,MAPS,negative,4
11,False,False,MLP,Glycine,MAPS,negative,4
12,False,False,MLP,Guanine,MAPS,negative,4
13,False,False,MLP,Histamine,MAPS,negative,4
14,False,False,MLP,Histidine,MAPS,negative,4
15,False,True,MLP,Homocysteine,MAPS,negative,4
0,True,True,MLP,PE 18:0-20:4,MAPS,negative,5
1,True,True,MLP,PG 16:0-18:1,MAPS,negative,5
2,True,True,MLP,PI 16:0-18:1,MAPS,negative,5
3,True,True,MLP,PI(5)P 18:1,MAPS,negative,5
4,False,True,MLP,Hypoxanthine,MAPS,negative,5
5,False,False,MLP,L-Dopa,MAPS,negative,5
6,False,False,MLP,Lactic acid,MAPS,negative,5
7,False,True,MLP,Lyso PC 15:0,MAPS,negative,5
8,False,False,MLP,MG 18:1,MAPS,negative,5
9,False,False,MLP,Malonic acid,MAPS,negative,5
10,False,False,MLP,Melatonin,MAPS,negative,5
11,False,False,MLP,Methionine,MAPS,negative,5
12,False,True,MLP,Mevalonic acid,MAPS,negative,5
13,False,False,MLP,Myo-inositol 1-phosphate,MAPS,negative,5
14,False,False,MLP,N-Acetylaspartylglutamic acid,MAPS,negative,5
15,False,False,MLP,N-Acetylgalactosamine 6-phosphate,MAPS,negative,5
0,True,True,MLP,PS (POPS) 16:0-18:1,MAPS,negative,6
1,True,False,MLP,Palmitoyl-CoA,MAPS,negative,6
2,True,True,MLP,Pantothenic acid,MAPS,negative,6
3,False,False,MLP,N-Acetylglucosamine,MAPS,negative,6
4,False,False,MLP,"N6,N6,N6-Trimethyllysine",MAPS,negative,6
5,False,False,MLP,Niacinamide,MAPS,negative,6
6,False,False,MLP,Nicotinamide adenine dinucleotide (NAD),MAPS,negative,6
7,False,False,MLP,"Nicotinamide adenine dinucleotide, reduced (NADH)",MAPS,negative,6
8,False,False,MLP,Nicotinamide riboside,MAPS,negative,6
9,False,False,MLP,Nicotinamide ribotide,MAPS,negative,6
10,False,False,MLP,Nicotinic acid,MAPS,negative,6
11,False,False,MLP,Ornithine,MAPS,negative,6
12,False,False,MLP,Orotic acid,MAPS,negative,6
13,False,True,MLP,Oxalacetic acid,MAPS,negative,6
14,False,False,MLP,Oxidized glutathione,MAPS,negative,6
0,True,False,MLP,Phenylalanine,MAPS,negative,7
1,True,True,MLP,Phosphoenolpyruvic acid,MAPS,negative,7
2,True,True,MLP,Prostaglandin E1,MAPS,negative,7
3,False,False,MLP,Palmitic acid,MAPS,negative,7
4,False,True,MLP,Pantetheine,MAPS,negative,7
5,False,False,MLP,Phosphocreatine,MAPS,negative,7
6,False,False,MLP,Phylloquinone,MAPS,negative,7
7,False,False,MLP,Proline,MAPS,negative,7
8,False,False,MLP,Propionylcarnitine,MAPS,negative,7
9,False,False,MLP,Putrescine,MAPS,negative,7
10,False,False,MLP,Pyridoxine,MAPS,negative,7
11,False,False,MLP,Pyruvic acid,MAPS,negative,7
12,False,True,MLP,Quinolinic acid,MAPS,negative,7
13,False,False,MLP,Retinoic acid,MAPS,negative,7
14,False,False,MLP,Riboflavin,MAPS,negative,7
0,True,True,MLP,Sulfo GalCer 18:0(2S-OH),MAPS,negative,8
1,True,True,MLP,Taurocholic acid,MAPS,negative,8
2,True,False,MLP,Thymine,MAPS,negative,8
3,False,False,MLP,Ribulose,MAPS,negative,8
4,False,False,MLP,Ribulose 5-phosphate,MAPS,negative,8
5,False,False,MLP,S-Adenosylhomocysteine,MAPS,negative,8
6,False,False,MLP,S-Adenosylmethionine,MAPS,negative,8
7,False,False,MLP,Serine,MAPS,negative,8
8,False,False,MLP,Serotonin,MAPS,negative,8
9,False,False,MLP,Spermidine,MAPS,negative,8
10,False,True,MLP,Succinic acid,MAPS,negative,8
11,False,False,MLP,Taurine,MAPS,negative,8
12,False,False,MLP,Tetrahydrofolic acid,MAPS,negative,8
13,False,False,MLP,Thiamine,MAPS,negative,8
14,False,True,MLP,Tryptophan,MAPS,negative,8
0,True,False,MLP,Uracil,MAPS,negative,9
1,True,False,MLP,Uric acid,MAPS,negative,9
2,True,True,MLP,cis-Aconitic acid,MAPS,negative,9
3,False,True,MLP,Tyrosine,MAPS,negative,9
4,False,False,MLP,Ureidosuccinic acid,MAPS,negative,9
5,False,False,MLP,Uridine,MAPS,negative,9
6,False,False,MLP,Uridine diphosphate,MAPS,negative,9
7,False,False,MLP,Uridine diphosphate glucose,MAPS,negative,9
8,False,False,MLP,Uridine diphosphate glucuronic acid,MAPS,negative,9
9,False,False,MLP,Uridine diphosphate-N-acetylglucosamine,MAPS,negative,9
10,False,True,MLP,Urocanic acid,MAPS,negative,9
11,False,False,MLP,Valine,MAPS,negative,9
12,False,False,MLP,Xanthine,MAPS,negative,9
13,False,False,MLP,gamma-Aminobutyric acid,MAPS,negative,9
14,False,False,MLP,myo-Inositol,MAPS,negative,9
0,True,False,MLP,3-Hydroxymethylglutaric acid,MAPS,positive,0
1,True,True,MLP,Acetylcholine,MAPS,positive,0
2,True,False,MLP,Arginine,MAPS,positive,0
3,False,False,MLP,2-Oxoglutaric acid,MAPS,positive,0
4,False,False,MLP,3-Hydroxyanthranilic acid,MAPS,positive,0
5,False,False,MLP,3-Phosphoglyceric acid,MAPS,positive,0
6,False,False,MLP,"4,5-Dihydroorotic acid",MAPS,positive,0
7,False,False,MLP,4-Hydroxyproline,MAPS,positive,0
8,False,False,MLP,5-Hydroxyindoleacetic acid,MAPS,positive,0
9,False,False,MLP,6-Phosphogluconic acid,MAPS,positive,0
10,False,False,MLP,Acetoacetic acid,MAPS,positive,0
11,False,False,MLP,Acetyl-CoA,MAPS,positive,0
12,False,False,MLP,Acetylcarnitine,MAPS,positive,0
13,False,False,MLP,Adenine,MAPS,positive,0
14,False,False,MLP,Adenosine diphosphate,MAPS,positive,0
15,False,False,MLP,Adenosine monophosphate,MAPS,positive,0
16,False,False,MLP,Agmatine,MAPS,positive,0
0,True,True,MLP,CAR 16:0,MAPS,positive,1
1,True,False,MLP,Cer d8:1/22:0 Cer,MAPS,positive,1
2,True,True,MLP,Cholic acid,MAPS,positive,1
3,False,False,MLP,Argininosuccinic acid,MAPS,positive,1
4,False,False,MLP,Ascorbic acid,MAPS,positive,1
5,False,False,MLP,Asparagine,MAPS,positive,1
6,False,False,MLP,Aspartic acid,MAPS,positive,1
7,False,False,MLP,Biotin,MAPS,positive,1
8,False,False,MLP,Butyric acid,MAPS,positive,1
9,False,True,MLP,Cardiolipin 18:1,MAPS,positive,1
10,False,False,MLP,Carnitine,MAPS,positive,1
11,False,True,MLP,Carnosine,MAPS,positive,1
12,False,False,MLP,Cholesterol,MAPS,positive,1
13,False,False,MLP,Cholesteryl acetate,MAPS,positive,1
14,False,True,MLP,Citric acid,MAPS,positive,1
15,False,False,MLP,Citrulline,MAPS,positive,1
16,False,False,MLP,Coenzyme A,MAPS,positive,1
0,True,False,MLP,Choline,MAPS,positive,2
1,True,False,MLP,Flavin mononucleotide,MAPS,positive,2
2,True,True,MLP,GlcCer d18:1/18:0,MAPS,positive,2
3,False,False,MLP,Creatine,MAPS,positive,2
4,False,False,MLP,Creatinine,MAPS,positive,2
5,False,False,MLP,Cyclic adenosine monophosphate,MAPS,positive,2
6,False,False,MLP,Cysteine,MAPS,positive,2
7,False,False,MLP,Cystine,MAPS,positive,2
8,False,False,MLP,Cytidine,MAPS,positive,2
9,False,False,MLP,Cytidine monophosphate,MAPS,positive,2
10,False,False,MLP,Cytosine,MAPS,positive,2
11,False,False,MLP,Dihydroxyacetone,MAPS,positive,2
12,False,False,MLP,Dihydroxyacetone phosphate,MAPS,positive,2
13,False,False,MLP,Dopamine,MAPS,positive,2
14,False,False,MLP,Epinephrine,MAPS,positive,2
15,False,False,MLP,Estradiol,MAPS,positive,2
16,False,False,MLP,Flavin adenine dinucleotide,MAPS,positive,2
0,True,True,MLP,Glucosyl cholesterol,MAPS,positive,3
1,True,True,MLP,Lyso PC 15:0,MAPS,positive,3
2,True,False,MLP,Lyso PE 18:0,MAPS,positive,3
3,False,False,MLP,Folic acid,MAPS,positive,3
4,False,False,MLP,"Fructose 1,6-bisphosphate",MAPS,positive,3
5,False,False,MLP,Fumaric acid,MAPS,positive,3
6,False,False,MLP,GM3 Ganglioside 18:0,MAPS,positive,3
7,False,False,MLP,Gluconic acid,MAPS,positive,3
8,False,False,MLP,Glucosamine,MAPS,positive,3
9,False,False,MLP,Glucosamine 6-phosphate,MAPS,positive,3
10,False,False,MLP,Glucose,MAPS,positive,3
11,False,False,MLP,Glucose 6-phosphate,MAPS,positive,3
12,False,False,MLP,Glutamic acid,MAPS,positive,3
13,False,False,MLP,Glutamine,MAPS,positive,3
14,False,False,MLP,Glutathione,MAPS,positive,3
15,False,False,MLP,Glycerol 3-phosphate,MAPS,positive,3
16,False,False,MLP,Glycerophosphocholine,MAPS,positive,3
0,True,True,MLP,Lyso PG 16:0,MAPS,positive,4
1,True,True,MLP,Lyso PS 17:1,MAPS,positive,4
2,True,True,MLP,PA 16:0-18:1,MAPS,positive,4
3,False,False,MLP,Glycine,MAPS,positive,4
4,False,False,MLP,Guanine,MAPS,positive,4
5,False,False,MLP,Histamine,MAPS,positive,4
6,False,False,MLP,Histidine,MAPS,positive,4
7,False,False,MLP,Homocysteine,MAPS,positive,4
8,False,False,MLP,Hypoxanthine,MAPS,positive,4
9,False,False,MLP,Kynurenic acid,MAPS,positive,4
10,False,False,MLP,Kynurenine,MAPS,positive,4
11,False,False,MLP,L-Dopa,MAPS,positive,4
12,False,False,MLP,Lactic acid,MAPS,positive,4
13,False,True,MLP,Lyso PA 18:1,MAPS,positive,4
14,False,False,MLP,Lyso PI 17:1,MAPS,positive,4
15,False,True,MLP,MG 18:1,MAPS,positive,4
16,False,False,MLP,Malic acid,MAPS,positive,4
0,True,True,MLP,PC (O) C16-18:1,MAPS,positive,5
1,True,True,MLP,PC 15:0-18:1,MAPS,positive,5
2,False,False,MLP,Malonic acid,MAPS,positive,5
3,False,False,MLP,Melatonin,MAPS,positive,5
4,False,False,MLP,Methionine,MAPS,positive,5
5,False,False,MLP,Mevalonic acid,MAPS,positive,5
6,False,False,MLP,Myo-inositol 1-phosphate,MAPS,positive,5
7,False,True,MLP,N-Acetylaspartic acid,MAPS,positive,5
8,False,True,MLP,N-Acetylaspartylglutamic acid,MAPS,positive,5
9,False,False,MLP,N-Acetylgalactosamine 6-phosphate,MAPS,positive,5
10,False,False,MLP,N-Acetylglucosamine,MAPS,positive,5
11,False,False,MLP,"N6,N6,N6-Trimethyllysine",MAPS,positive,5
12,False,False,MLP,Niacinamide,MAPS,positive,5
13,False,False,MLP,Nicotinamide adenine dinucleotide (NAD),MAPS,positive,5
14,False,False,MLP,"Nicotinamide adenine dinucleotide, reduced (NADH)",MAPS,positive,5
15,False,False,MLP,Nicotinamide riboside,MAPS,positive,5
0,True,True,MLP,PG 16:0-18:1,MAPS,positive,6
1,True,True,MLP,PS (POPS) 16:0-18:1,MAPS,positive,6
2,False,False,MLP,Nicotinamide ribotide,MAPS,positive,6
3,False,False,MLP,Nicotinic acid,MAPS,positive,6
4,False,False,MLP,Ornithine,MAPS,positive,6
5,False,False,MLP,Orotic acid,MAPS,positive,6
6,False,False,MLP,Oxalacetic acid,MAPS,positive,6
7,False,False,MLP,Oxidized glutathione,MAPS,positive,6
8,False,True,MLP,PE 18:0-20:4,MAPS,positive,6
9,False,True,MLP,PI 16:0-18:1,MAPS,positive,6
10,False,True,MLP,PI(5)P 18:1,MAPS,positive,6
11,False,False,MLP,Palmitic acid,MAPS,positive,6
12,False,False,MLP,Palmitoyl-CoA,MAPS,positive,6
13,False,False,MLP,Pantetheine,MAPS,positive,6
14,False,True,MLP,Pantothenic acid,MAPS,positive,6
0,True,True,MLP,Prostaglandin E1,MAPS,positive,7
1,True,False,MLP,Riboflavin,MAPS,positive,7
2,False,False,MLP,Phenylalanine,MAPS,positive,7
3,False,False,MLP,Phosphocreatine,MAPS,positive,7
4,False,False,MLP,Phosphoenolpyruvic acid,MAPS,positive,7
5,False,True,MLP,Phylloquinone,MAPS,positive,7
6,False,False,MLP,Proline,MAPS,positive,7
7,False,False,MLP,Propionylcarnitine,MAPS,positive,7
8,False,False,MLP,Putrescine,MAPS,positive,7
9,False,False,MLP,Pyridoxine,MAPS,positive,7
10,False,False,MLP,Pyruvic acid,MAPS,positive,7
11,False,False,MLP,Quinolinic acid,MAPS,positive,7
12,False,False,MLP,Retinoic acid,MAPS,positive,7
13,False,False,MLP,Ribulose,MAPS,positive,7
14,False,False,MLP,Ribulose 5-phosphate,MAPS,positive,7
0,True,True,MLP,SM d18:1-16:0,MAPS,positive,8
1,True,False,MLP,Spermidine,MAPS,positive,8
2,False,True,MLP,S-Adenosylhomocysteine,MAPS,positive,8
3,False,True,MLP,S-Adenosylmethionine,MAPS,positive,8
4,False,False,MLP,Serine,MAPS,positive,8
5,False,False,MLP,Serotonin,MAPS,positive,8
6,False,False,MLP,Succinic acid,MAPS,positive,8
7,False,False,MLP,Taurine,MAPS,positive,8
8,False,False,MLP,Taurocholic acid,MAPS,positive,8
9,False,False,MLP,Tetrahydrofolic acid,MAPS,positive,8
10,False,False,MLP,Thiamine,MAPS,positive,8
11,False,False,MLP,Thymine,MAPS,positive,8
12,False,False,MLP,Tryptophan,MAPS,positive,8
13,False,False,MLP,Tyrosine,MAPS,positive,8
14,False,False,MLP,Uracil,MAPS,positive,8
0,True,True,MLP,TG 15:0-18:1-15:0,MAPS,positive,9
1,True,True,MLP,alpha-tocopherol,MAPS,positive,9
2,False,False,MLP,Ureidosuccinic acid,MAPS,positive,9
3,False,False,MLP,Uric acid,MAPS,positive,9
4,False,False,MLP,Uridine,MAPS,positive,9
5,False,False,MLP,Uridine diphosphate,MAPS,positive,9
6,False,False,MLP,Uridine diphosphate glucose,MAPS,positive,9
7,False,False,MLP,Uridine diphosphate glucuronic acid,MAPS,positive,9
8,False,False,MLP,Uridine diphosphate-N-acetylglucosamine,MAPS,positive,9
9,False,False,MLP,Urocanic acid,MAPS,positive,9
10,False,False,MLP,Valine,MAPS,positive,9
11,False,False,MLP,Xanthine,MAPS,positive,9
12,False,False,MLP,cis-Aconitic acid,MAPS,positive,9
13,False,False,MLP,gamma-Aminobutyric acid,MAPS,positive,9
14,False,False,MLP,myo-Inositol,MAPS,positive,9
0,True,True,MLP,3-Hydroxymethylglutaric acid,NEDC,negative,0
1,True,False,MLP,3-Phosphoglyceric acid,NEDC,negative,0
2,True,False,MLP,Adenosine monophosphate,NEDC,negative,0
3,True,False,MLP,CAR 16:0,NEDC,negative,0
4,True,True,MLP,Cardiolipin 18:1,NEDC,negative,0
5,False,False,MLP,2-Oxoglutaric acid,NEDC,negative,0
6,False,False,MLP,3-Hydroxyanthranilic acid,NEDC,negative,0
7,False,True,MLP,"4,5-Dihydroorotic acid",NEDC,negative,0
8,False,False,MLP,4-Hydroxyproline,NEDC,negative,0
9,False,True,MLP,5-Hydroxyindoleacetic acid,NEDC,negative,0
10,False,False,MLP,6-Phosphogluconic acid,NEDC,negative,0
11,False,False,MLP,Acetoacetic acid,NEDC,negative,0
12,False,False,MLP,Acetyl-CoA,NEDC,negative,0
13,False,False,MLP,Acetylcarnitine,NEDC,negative,0
14,False,False,MLP,Acetylcholine,NEDC,negative,0
15,False,False,MLP,Adenine,NEDC,negative,0
16,False,False,MLP,Adenosine diphosphate,NEDC,negative,0
0,True,False,MLP,Cer d8:1/22:0 Cer,NEDC,negative,1
1,True,True,MLP,Cholic acid,NEDC,negative,1
2,True,False,MLP,Fumaric acid,NEDC,negative,1
3,True,True,MLP,GlcCer d18:1/18:0,NEDC,negative,1
4,True,False,MLP,Glucosamine,NEDC,negative,1
5,False,False,MLP,Agmatine,NEDC,negative,1
6,False,False,MLP,Arginine,NEDC,negative,1
7,False,False,MLP,Argininosuccinic acid,NEDC,negative,1
8,False,False,MLP,Ascorbic acid,NEDC,negative,1
9,False,False,MLP,Asparagine,NEDC,negative,1
10,False,False,MLP,Aspartic acid,NEDC,negative,1
11,False,True,MLP,Biotin,NEDC,negative,1
12,False,False,MLP,Butyric acid,NEDC,negative,1
13,False,False,MLP,Carnitine,NEDC,negative,1
14,False,False,MLP,Carnosine,NEDC,negative,1
15,False,False,MLP,Cholecalciferol,NEDC,negative,1
16,False,False,MLP,Cholesterol,NEDC,negative,1
0,True,True,MLP,Glucosyl cholesterol,NEDC,negative,2
1,True,True,MLP,Glycerol 3-phosphate,NEDC,negative,2
2,True,False,MLP,Kynurenic acid,NEDC,negative,2
3,True,True,MLP,Lyso PA 18:1,NEDC,negative,2
4,True,True,MLP,Lyso PC 15:0,NEDC,negative,2
5,False,False,MLP,Cholesteryl acetate,NEDC,negative,2
6,False,False,MLP,Cholesteryl ester 17:0,NEDC,negative,2
7,False,False,MLP,Choline,NEDC,negative,2
8,False,True,MLP,Citric acid,NEDC,negative,2
9,False,False,MLP,Citrulline,NEDC,negative,2
10,False,False,MLP,Coenzyme A,NEDC,negative,2
11,False,False,MLP,Creatine,NEDC,negative,2
12,False,False,MLP,Creatinine,NEDC,negative,2
13,False,True,MLP,Cyclic adenosine monophosphate,NEDC,negative,2
14,False,False,MLP,Cysteine,NEDC,negative,2
15,False,False,MLP,Cystine,NEDC,negative,2
16,False,False,MLP,Cytidine,NEDC,negative,2
0,True,True,MLP,Lyso PE 18:0,NEDC,negative,3
1,True,True,MLP,Lyso PG 16:0,NEDC,negative,3
2,True,True,MLP,Lyso PI 17:1,NEDC,negative,3
3,True,True,MLP,Lyso PS 17:1,NEDC,negative,3
4,True,True,MLP,Malic acid,NEDC,negative,3
5,False,False,MLP,Cytidine monophosphate,NEDC,negative,3
6,False,False,MLP,Cytosine,NEDC,negative,3
7,False,False,MLP,DG 18:0-22:6,NEDC,negative,3
8,False,True,MLP,Dihydroxyacetone,NEDC,negative,3
9,False,True,MLP,Dihydroxyacetone phosphate,NEDC,negative,3
10,False,False,MLP,Dopamine,NEDC,negative,3
11,False,False,MLP,Epinephrine,NEDC,negative,3
12,False,False,MLP,Estradiol,NEDC,negative,3
13,False,False,MLP,Flavin adenine dinucleotide,NEDC,negative,3
14,False,True,MLP,Flavin mononucleotide,NEDC,negative,3
15,False,False,MLP,Folic acid,NEDC,negative,3
16,False,False,MLP,"Fructose 1,6-bisphosphate",NEDC,negative,3
0,True,True,MLP,Malonic acid,NEDC,negative,4
1,True,False,MLP,N-Acetylaspartylglutamic acid,NEDC,negative,4
2,True,False,MLP,Orotic acid,NEDC,negative,4
3,True,True,MLP,PA 16:0-18:1,NEDC,negative,4
4,True,True,MLP,PC 15:0-18:1,NEDC,negative,4
5,False,False,MLP,GM3 Ganglioside 18:0,NEDC,negative,4
6,False,False,MLP,Gluconic acid,NEDC,negative,4
7,False,False,MLP,Glucosamine 6-phosphate,NEDC,negative,4
8,False,False,MLP,Glucose,NEDC,negative,4
9,False,False,MLP,Glucose 6-phosphate,NEDC,negative,4
10,False,False,MLP,Glutamic acid,NEDC,negative,4
11,False,False,MLP,Glutamine,NEDC,negative,4
12,False,False,MLP,Glutathione,NEDC,negative,4
13,False,True,MLP,Glycerophosphocholine,NEDC,negative,4
14,False,False,MLP,Glycine,NEDC,negative,4
15,False,False,MLP,Guanine,NEDC,negative,4
16,False,False,MLP,Histamine,NEDC,negative,4
0,True,True,MLP,PE 18:0-20:4,NEDC,negative,5
1,True,True,MLP,PG 16:0-18:1,NEDC,negative,5
2,True,True,MLP,PI 16:0-18:1,NEDC,negative,5
3,True,True,MLP,PI(5)P 18:1,NEDC,negative,5
4,False,False,MLP,Histidine,NEDC,negative,5
5,False,False,MLP,Homocysteine,NEDC,negative,5
6,False,False,MLP,Hypoxanthine,NEDC,negative,5
7,False,False,MLP,Kynurenine,NEDC,negative,5
8,False,False,MLP,L-Dopa,NEDC,negative,5
9,False,True,MLP,Lactic acid,NEDC,negative,5
10,False,False,MLP,MG 18:1,NEDC,negative,5
11,False,False,MLP,Melatonin,NEDC,negative,5
12,False,False,MLP,Methionine,NEDC,negative,5
13,False,True,MLP,Mevalonic acid,NEDC,negative,5
14,False,False,MLP,Myo-inositol 1-phosphate,NEDC,negative,5
15,False,True,MLP,N-Acetylaspartic acid,NEDC,negative,5
0,True,True,MLP,PS (POPS) 16:0-18:1,NEDC,negative,6
1,True,False,MLP,Palmitic acid,NEDC,negative,6
2,True,False,MLP,Palmitoyl-CoA,NEDC,negative,6
3,True,False,MLP,Pantetheine,NEDC,negative,6
4,False,False,MLP,N-Acetylgalactosamine 6-phosphate,NEDC,negative,6
5,False,False,MLP,N-Acetylglucosamine,NEDC,negative,6
6,False,False,MLP,"N6,N6,N6-Trimethyllysine",NEDC,negative,6
7,False,False,MLP,Niacinamide,NEDC,negative,6
8,False,False,MLP,Nicotinamide adenine dinucleotide (NAD),NEDC,negative,6
9,False,False,MLP,"Nicotinamide adenine dinucleotide, reduced (NADH)",NEDC,negative,6
10,False,False,MLP,Nicotinamide riboside,NEDC,negative,6
11,False,True,MLP,Nicotinamide ribotide,NEDC,negative,6
12,False,False,MLP,Nicotinic acid,NEDC,negative,6
13,False,False,MLP,Ornithine,NEDC,negative,6
14,False,True,MLP,Oxalacetic acid,NEDC,negative,6
15,False,False,MLP,Oxidized glutathione,NEDC,negative,6
0,True,True,MLP,Prostaglandin E1,NEDC,negative,7
1,True,False,MLP,Riboflavin,NEDC,negative,7
2,True,False,MLP,S-Adenosylhomocysteine,NEDC,negative,7
3,True,True,MLP,SM d18:1-16:0,NEDC,negative,7
4,False,True,MLP,PC (O) C16-18:1,NEDC,negative,7
5,False,False,MLP,Pantothenic acid,NEDC,negative,7
6,False,False,MLP,Phenylalanine,NEDC,negative,7
7,False,False,MLP,Phosphocreatine,NEDC,negative,7
8,False,True,MLP,Phosphoenolpyruvic acid,NEDC,negative,7
9,False,False,MLP,Phylloquinone,NEDC,negative,7
10,False,False,MLP,Proline,NEDC,negative,7
11,False,False,MLP,Propionylcarnitine,NEDC,negative,7
12,False,False,MLP,Putrescine,NEDC,negative,7
13,False,False,MLP,Pyridoxine,NEDC,negative,7
14,False,False,MLP,Pyruvic acid,NEDC,negative,7
15,False,False,MLP,Quinolinic acid,NEDC,negative,7
0,True,False,MLP,Serine,NEDC,negative,8
1,True,True,MLP,Succinic acid,NEDC,negative,8
2,True,True,MLP,Sulfo GalCer 18:0(2S-OH),NEDC,negative,8
3,True,True,MLP,Taurocholic acid,NEDC,negative,8
4,False,True,MLP,Retinoic acid,NEDC,negative,8
5,False,False,MLP,Ribulose,NEDC,negative,8
6,False,False,MLP,Ribulose 5-phosphate,NEDC,negative,8
7,False,True,MLP,S-Adenosylmethionine,NEDC,negative,8
8,False,False,MLP,Serotonin,NEDC,negative,8
9,False,False,MLP,Spermidine,NEDC,negative,8
10,False,False,MLP,TG 15:0-18:1-15:0,NEDC,negative,8
11,False,False,MLP,Taurine,NEDC,negative,8
12,False,False,MLP,Tetrahydrofolic acid,NEDC,negative,8
13,False,False,MLP,Thiamine,NEDC,negative,8
14,False,False,MLP,Tryptophan,NEDC,negative,8
15,False,False,MLP,Tyrosine,NEDC,negative,8
0,True,False,MLP,Thymine,NEDC,negative,9
1,True,False,MLP,Uracil,NEDC,negative,9
2,True,True,MLP,Ureidosuccinic acid,NEDC,negative,9
3,True,False,MLP,Xanthine,NEDC,negative,9
4,False,False,MLP,Uric acid,NEDC,negative,9
5,False,False,MLP,Uridine,NEDC,negative,9
6,False,False,MLP,Uridine diphosphate,NEDC,negative,9
7,False,False,MLP,Uridine diphosphate glucose,NEDC,negative,9
8,False,False,MLP,Uridine diphosphate glucuronic acid,NEDC,negative,9
9,False,False,MLP,Uridine diphosphate-N-acetylglucosamine,NEDC,negative,9
10,False,False,MLP,Urocanic acid,NEDC,negative,9
11,False,False,MLP,Valine,NEDC,negative,9
12,False,False,MLP,alpha-tocopherol,NEDC,negative,9
13,False,True,MLP,cis-Aconitic acid,NEDC,negative,9
14,False,False,MLP,gamma-Aminobutyric acid,NEDC,negative,9
15,False,False,MLP,myo-Inositol,NEDC,negative,9
0,True,False,MLP,3-Hydroxymethylglutaric acid,NEDC,positive,0
1,True,True,MLP,Acetylcarnitine,NEDC,positive,0
2,True,True,MLP,Acetylcholine,NEDC,positive,0
3,True,True,MLP,Agmatine,NEDC,positive,0
4,True,False,MLP,Arginine,NEDC,positive,0
5,True,False,MLP,Argininosuccinic acid,NEDC,positive,0
6,False,False,MLP,2-Oxoglutaric acid,NEDC,positive,0
7,False,False,MLP,3-Hydroxyanthranilic acid,NEDC,positive,0
8,False,False,MLP,3-Phosphoglyceric acid,NEDC,positive,0
9,False,False,MLP,"4,5-Dihydroorotic acid",NEDC,positive,0
10,False,False,MLP,4-Hydroxyproline,NEDC,positive,0
11,False,False,MLP,5-Hydroxyindoleacetic acid,NEDC,positive,0
12,False,False,MLP,6-Phosphogluconic acid,NEDC,positive,0
13,False,False,MLP,Acetoacetic acid,NEDC,positive,0
14,False,True,MLP,Acetyl-CoA,NEDC,positive,0
15,False,True,MLP,Adenine,NEDC,positive,0
16,False,False,MLP,Adenosine diphosphate,NEDC,positive,0
17,False,False,MLP,Adenosine monophosphate,NEDC,positive,0
0,True,False,MLP,Asparagine,NEDC,positive,1
1,True,True,MLP,CAR 16:0,NEDC,positive,1
2,True,False,MLP,Carnitine,NEDC,positive,1
3,True,True,MLP,Cer d8:1/22:0 Cer,NEDC,positive,1
4,True,True,MLP,Cholecalciferol,NEDC,positive,1
5,False,False,MLP,Ascorbic acid,NEDC,positive,1
6,False,False,MLP,Aspartic acid,NEDC,positive,1
7,False,True,MLP,Biotin,NEDC,positive,1
8,False,False,MLP,Butyric acid,NEDC,positive,1
9,False,True,MLP,Cardiolipin 18:1,NEDC,positive,1
10,False,True,MLP,Carnosine,NEDC,positive,1
11,False,True,MLP,Cholesterol,NEDC,positive,1
12,False,True,MLP,Cholesteryl acetate,NEDC,positive,1
13,False,True,MLP,Cholesteryl ester 17:0,NEDC,positive,1
14,False,False,MLP,Citric acid,NEDC,positive,1
15,False,False,MLP,Citrulline,NEDC,positive,1
16,False,True,MLP,Coenzyme A,NEDC,positive,1
0,True,True,MLP,Cholic acid,NEDC,positive,2
1,True,False,MLP,Choline,NEDC,positive,2
2,True,False,MLP,Creatinine,NEDC,positive,2
3,True,False,MLP,Cysteine,NEDC,positive,2
4,True,True,MLP,Cytidine,NEDC,positive,2
5,False,False,MLP,Creatine,NEDC,positive,2
6,False,True,MLP,Cyclic adenosine monophosphate,NEDC,positive,2
7,False,True,MLP,Cystine,NEDC,positive,2
8,False,False,MLP,Cytidine monophosphate,NEDC,positive,2
9,False,True,MLP,DG 18:0-22:6,NEDC,positive,2
10,False,False,MLP,Dihydroxyacetone,NEDC,positive,2
11,False,False,MLP,Dihydroxyacetone phosphate,NEDC,positive,2
12,False,True,MLP,Dopamine,NEDC,positive,2
13,False,True,MLP,Epinephrine,NEDC,positive,2
14,False,False,MLP,Estradiol,NEDC,positive,2
15,False,True,MLP,Flavin adenine dinucleotide,NEDC,positive,2
16,False,False,MLP,Flavin mononucleotide,NEDC,positive,2
0,True,False,MLP,Cytosine,NEDC,positive,3
1,True,True,MLP,GM3 Ganglioside 18:0,NEDC,positive,3
2,True,True,MLP,GlcCer d18:1/18:0,NEDC,positive,3
3,True,True,MLP,Glucosyl cholesterol,NEDC,positive,3
4,True,True,MLP,Glycerophosphocholine,NEDC,positive,3
5,False,True,MLP,Folic acid,NEDC,positive,3
6,False,False,MLP,"Fructose 1,6-bisphosphate",NEDC,positive,3
7,False,False,MLP,Fumaric acid,NEDC,positive,3
8,False,False,MLP,Gluconic acid,NEDC,positive,3
9,False,True,MLP,Glucosamine,NEDC,positive,3
10,False,False,MLP,Glucosamine 6-phosphate,NEDC,positive,3
11,False,False,MLP,Glucose,NEDC,positive,3
12,False,False,MLP,Glucose 6-phosphate,NEDC,positive,3
13,False,False,MLP,Glutamic acid,NEDC,positive,3
14,False,False,MLP,Glutamine,NEDC,positive,3
15,False,True,MLP,Glutathione,NEDC,positive,3
16,False,False,MLP,Glycerol 3-phosphate,NEDC,positive,3
0,True,False,MLP,Histamine,NEDC,positive,4
1,True,False,MLP,Kynurenine,NEDC,positive,4
2,True,True,MLP,Lyso PA 18:1,NEDC,positive,4
3,True,True,MLP,Lyso PC 15:0,NEDC,positive,4
4,True,True,MLP,Lyso PE 18:0,NEDC,positive,4
5,False,False,MLP,Glycine,NEDC,positive,4
6,False,False,MLP,Guanine,NEDC,positive,4
7,False,False,MLP,Histidine,NEDC,positive,4
8,False,False,MLP,Homocysteine,NEDC,positive,4
9,False,False,MLP,Hypoxanthine,NEDC,positive,4
10,False,False,MLP,Kynurenic acid,NEDC,positive,4
11,False,False,MLP,L-Dopa,NEDC,positive,4
12,False,False,MLP,Lactic acid,NEDC,positive,4
13,False,True,MLP,MG 18:1,NEDC,positive,4
14,False,False,MLP,Malic acid,NEDC,positive,4
15,False,False,MLP,Malonic acid,NEDC,positive,4
0,True,True,MLP,Lyso PG 16:0,NEDC,positive,5
1,True,False,MLP,Lyso PI 17:1,NEDC,positive,5
2,True,True,MLP,Lyso PS 17:1,NEDC,positive,5
3,True,True,MLP,Melatonin,NEDC,positive,5
4,True,False,MLP,N-Acetylaspartylglutamic acid,NEDC,positive,5
5,False,False,MLP,Methionine,NEDC,positive,5
6,False,False,MLP,Mevalonic acid,NEDC,positive,5
7,False,False,MLP,Myo-inositol 1-phosphate,NEDC,positive,5
8,False,False,MLP,N-Acetylaspartic acid,NEDC,positive,5
9,False,False,MLP,N-Acetylgalactosamine 6-phosphate,NEDC,positive,5
10,False,True,MLP,Niacinamide,NEDC,positive,5
11,False,True,MLP,Nicotinamide adenine dinucleotide (NAD),NEDC,positive,5
12,False,False,MLP,"Nicotinamide adenine dinucleotide, reduced (NADH)",NEDC,positive,5
13,False,True,MLP,Nicotinamide riboside,NEDC,positive,5
14,False,False,MLP,Nicotinamide ribotide,NEDC,positive,5
15,False,False,MLP,Nicotinic acid,NEDC,positive,5
0,True,False,MLP,N-Acetylglucosamine,NEDC,positive,6
1,True,True,MLP,"N6,N6,N6-Trimethyllysine",NEDC,positive,6
2,True,True,MLP,Ornithine,NEDC,positive,6
3,True,True,MLP,Oxidized glutathione,NEDC,positive,6
4,True,True,MLP,PA 16:0-18:1,NEDC,positive,6
5,False,False,MLP,Orotic acid,NEDC,positive,6
6,False,False,MLP,Oxalacetic acid,NEDC,positive,6
7,False,True,MLP,PI 16:0-18:1,NEDC,positive,6
8,False,True,MLP,PI(5)P 18:1,NEDC,positive,6
9,False,False,MLP,Palmitic acid,NEDC,positive,6
10,False,False,MLP,Pantothenic acid,NEDC,positive,6
11,False,False,MLP,Phenylalanine,NEDC,positive,6
12,False,False,MLP,Phosphocreatine,NEDC,positive,6
13,False,False,MLP,Phosphoenolpyruvic acid,NEDC,positive,6
14,False,True,MLP,Phylloquinone,NEDC,positive,6
15,False,False,MLP,Proline,NEDC,positive,6
0,True,True,MLP,PC (O) C16-18:1,NEDC,positive,7
1,True,True,MLP,PC 15:0-18:1,NEDC,positive,7
2,True,True,MLP,PE 18:0-20:4,NEDC,positive,7
3,True,True,MLP,PG 16:0-18:1,NEDC,positive,7
4,True,True,MLP,PS (POPS) 16:0-18:1,NEDC,positive,7
5,False,True,MLP,Putrescine,NEDC,positive,7
6,False,True,MLP,Pyridoxine,NEDC,positive,7
7,False,False,MLP,Pyruvic acid,NEDC,positive,7
8,False,False,MLP,Quinolinic acid,NEDC,positive,7
9,False,True,MLP,Retinoic acid,NEDC,positive,7
10,False,False,MLP,Ribulose,NEDC,positive,7
11,False,False,MLP,Ribulose 5-phosphate,NEDC,positive,7
12,False,True,MLP,S-Adenosylmethionine,NEDC,positive,7
13,False,False,MLP,Serine,NEDC,positive,7
14,False,True,MLP,Serotonin,NEDC,positive,7
15,False,False,MLP,Succinic acid,NEDC,positive,7
0,True,False,MLP,Palmitoyl-CoA,NEDC,positive,8
1,True,True,MLP,Pantetheine,NEDC,positive,8
2,True,True,MLP,Propionylcarnitine,NEDC,positive,8
3,True,True,MLP,Prostaglandin E1,NEDC,positive,8
4,True,False,MLP,Riboflavin,NEDC,positive,8
5,False,True,MLP,Sulfo GalCer 18:0(2S-OH),NEDC,positive,8
6,False,False,MLP,Taurine,NEDC,positive,8
7,False,True,MLP,Taurocholic acid,NEDC,positive,8
8,False,False,MLP,Tetrahydrofolic acid,NEDC,positive,8
9,False,True,MLP,Thiamine,NEDC,positive,8
10,False,False,MLP,Thymine,NEDC,positive,8
11,False,True,MLP,Tryptophan,NEDC,positive,8
12,False,True,MLP,Tyrosine,NEDC,positive,8
13,False,False,MLP,Uracil,NEDC,positive,8
14,False,False,MLP,Ureidosuccinic acid,NEDC,positive,8
15,False,False,MLP,Uric acid,NEDC,positive,8
0,True,True,MLP,S-Adenosylhomocysteine,NEDC,positive,9
1,True,True,MLP,SM d18:1-16:0,NEDC,positive,9
2,True,True,MLP,Spermidine,NEDC,positive,9
3,True,True,MLP,TG 15:0-18:1-15:0,NEDC,positive,9
4,True,True,MLP,alpha-tocopherol,NEDC,positive,9
5,False,True,MLP,Uridine,NEDC,positive,9
6,False,False,MLP,Uridine diphosphate,NEDC,positive,9
7,False,False,MLP,Uridine diphosphate glucose,NEDC,positive,9
8,False,False,MLP,Uridine diphosphate glucuronic acid,NEDC,positive,9
9,False,False,MLP,Uridine diphosphate-N-acetylglucosamine,NEDC,positive,9
10,False,False,MLP,Urocanic acid,NEDC,positive,9
11,False,False,MLP,Valine,NEDC,positive,9
12,False,False,MLP,Xanthine,NEDC,positive,9
13,False,False,MLP,cis-Aconitic acid,NEDC,positive,9
14,False,False,MLP,gamma-Aminobutyric acid,NEDC,positive,9
15,False,False,MLP,myo-Inositol,NEDC,positive,9
0,True,False,MLP,2-Oxoglutaric acid,NOR,negative,0
1,True,True,MLP,3-Phosphoglyceric acid,NOR,negative,0
2,True,True,MLP,"4,5-Dihydroorotic acid",NOR,negative,0
3,True,True,MLP,4-Hydroxyproline,NOR,negative,0
4,True,True,MLP,6-Phosphogluconic acid,NOR,negative,0
5,True,True,MLP,Acetyl-CoA,NOR,negative,0
6,True,True,MLP,Adenine,NOR,negative,0
7,True,True,MLP,Adenosine diphosphate,NOR,negative,0
8,True,True,MLP,Adenosine monophosphate,NOR,negative,0
9,True,True,MLP,Arginine,NOR,negative,0
10,True,True,MLP,Argininosuccinic acid,NOR,negative,0
11,True,True,MLP,Ascorbic acid,NOR,negative,0
12,False,True,MLP,3-Hydroxyanthranilic acid,NOR,negative,0
13,False,True,MLP,3-Hydroxymethylglutaric acid,NOR,negative,0
14,False,True,MLP,5-Hydroxyindoleacetic acid,NOR,negative,0
15,False,False,MLP,Acetoacetic acid,NOR,negative,0
16,False,False,MLP,Acetylcarnitine,NOR,negative,0
0,True,True,MLP,Asparagine,NOR,negative,1
1,True,True,MLP,Aspartic acid,NOR,negative,1
2,True,False,MLP,Biotin,NOR,negative,1
3,True,True,MLP,Cardiolipin 18:1,NOR,negative,1
4,True,True,MLP,Carnosine,NOR,negative,1
5,True,False,MLP,Cer d8:1/22:0 Cer,NOR,negative,1
6,True,True,MLP,Cholic acid,NOR,negative,1
7,True,True,MLP,Citric acid,NOR,negative,1
8,True,True,MLP,Citrulline,NOR,negative,1
9,True,True,MLP,Coenzyme A,NOR,negative,1
10,True,True,MLP,Creatine,NOR,negative,1
11,True,True,MLP,Creatinine,NOR,negative,1
12,False,False,MLP,Acetylcholine,NOR,negative,1
13,False,True,MLP,Agmatine,NOR,negative,1
14,False,False,MLP,Butyric acid,NOR,negative,1
15,False,False,MLP,CAR 16:0,NOR,negative,1
16,False,False,MLP,Carnitine,NOR,negative,1
0,True,True,MLP,Cysteine,NOR,negative,2
1,True,True,MLP,Cytidine,NOR,negative,2
2,True,True,MLP,Cytidine monophosphate,NOR,negative,2
3,True,True,MLP,Dihydroxyacetone phosphate,NOR,negative,2
4,True,True,MLP,Dopamine,NOR,negative,2
5,True,True,MLP,Epinephrine,NOR,negative,2
6,True,True,MLP,Flavin adenine dinucleotide,NOR,negative,2
7,True,True,MLP,Flavin mononucleotide,NOR,negative,2
8,True,True,MLP,"Fructose 1,6-bisphosphate",NOR,negative,2
9,True,True,MLP,Fumaric acid,NOR,negative,2
10,True,True,MLP,GM3 Ganglioside 18:0,NOR,negative,2
11,True,True,MLP,GlcCer d18:1/18:0,NOR,negative,2
12,False,False,MLP,Cholecalciferol,NOR,negative,2
13,False,False,MLP,Cholesterol,NOR,negative,2
14,False,False,MLP,Cholesteryl acetate,NOR,negative,2
15,False,False,MLP,Choline,NOR,negative,2
16,False,True,MLP,Cyclic adenosine monophosphate,NOR,negative,2
0,True,True,MLP,Gluconic acid,NOR,negative,3
1,True,True,MLP,Glucosamine 6-phosphate,NOR,negative,3
2,True,True,MLP,Glucose,NOR,negative,3
3,True,True,MLP,Glucose 6-phosphate,NOR,negative,3
4,True,True,MLP,Glucosyl cholesterol,NOR,negative,3
5,True,True,MLP,Glutamic acid,NOR,negative,3
6,True,True,MLP,Glutamine,NOR,negative,3
7,True,True,MLP,Glutathione,NOR,negative,3
8,True,True,MLP,Glycerol 3-phosphate,NOR,negative,3
9,True,True,MLP,Glycine,NOR,negative,3
10,True,True,MLP,Guanine,NOR,negative,3
11,True,False,MLP,Histamine,NOR,negative,3
12,False,True,MLP,Cystine,NOR,negative,3
13,False,True,MLP,Cytosine,NOR,negative,3
14,False,False,MLP,DG 18:0-22:6,NOR,negative,3
15,False,True,MLP,Dihydroxyacetone,NOR,negative,3
16,False,False,MLP,Estradiol,NOR,negative,3
0,True,True,MLP,Histidine,NOR,negative,4
1,True,True,MLP,Homocysteine,NOR,negative,4
2,True,False,MLP,Hypoxanthine,NOR,negative,4
3,True,True,MLP,Kynurenine,NOR,negative,4
4,True,True,MLP,L-Dopa,NOR,negative,4
5,True,False,MLP,Lyso PC 15:0,NOR,negative,4
6,True,False,MLP,Lyso PE 18:0,NOR,negative,4
7,True,True,MLP,Lyso PI 17:1,NOR,negative,4
8,True,True,MLP,Lyso PS 17:1,NOR,negative,4
9,True,True,MLP,Malic acid,NOR,negative,4
10,True,True,MLP,Malonic acid,NOR,negative,4
11,True,False,MLP,Melatonin,NOR,negative,4
12,False,True,MLP,Folic acid,NOR,negative,4
13,False,False,MLP,Glycerophosphocholine,NOR,negative,4
14,False,False,MLP,Kynurenic acid,NOR,negative,4
15,False,False,MLP,Lactic acid,NOR,negative,4
16,False,True,MLP,Lyso PA 18:1,NOR,negative,4
0,True,True,MLP,Methionine,NOR,negative,5
1,True,True,MLP,Mevalonic acid,NOR,negative,5
2,True,True,MLP,Myo-inositol 1-phosphate,NOR,negative,5
3,True,True,MLP,N-Acetylaspartic acid,NOR,negative,5
4,True,True,MLP,N-Acetylaspartylglutamic acid,NOR,negative,5
5,True,True,MLP,N-Acetylgalactosamine 6-phosphate,NOR,negative,5
6,True,True,MLP,N-Acetylglucosamine,NOR,negative,5
7,True,False,MLP,"N6,N6,N6-Trimethyllysine",NOR,negative,5
8,True,False,MLP,Nicotinamide adenine dinucleotide (NAD),NOR,negative,5
9,True,True,MLP,"Nicotinamide adenine dinucleotide, reduced (NADH)",NOR,negative,5
10,True,True,MLP,Ornithine,NOR,negative,5
11,False,True,MLP,Lyso PG 16:0,NOR,negative,5
12,False,False,MLP,MG 18:1,NOR,negative,5
13,False,False,MLP,Niacinamide,NOR,negative,5
14,False,True,MLP,Nicotinamide riboside,NOR,negative,5
15,False,True,MLP,Nicotinamide ribotide,NOR,negative,5
0,True,True,MLP,Orotic acid,NOR,negative,6
1,True,True,MLP,Oxidized glutathione,NOR,negative,6
2,True,False,MLP,PA 16:0-18:1,NOR,negative,6
3,True,False,MLP,PC 15:0-18:1,NOR,negative,6
4,True,True,MLP,PE 18:0-20:4,NOR,negative,6
5,True,False,MLP,PG 16:0-18:1,NOR,negative,6
6,True,False,MLP,PI 16:0-18:1,NOR,negative,6
7,True,True,MLP,PI(5)P 18:1,NOR,negative,6
8,True,True,MLP,PS (POPS) 16:0-18:1,NOR,negative,6
9,True,True,MLP,Palmitoyl-CoA,NOR,negative,6
10,True,True,MLP,Pantetheine,NOR,negative,6
11,False,False,MLP,Nicotinic acid,NOR,negative,6
12,False,True,MLP,Oxalacetic acid,NOR,negative,6
13,False,False,MLP,PC (O) C16-18:1,NOR,negative,6
14,False,True,MLP,Phosphocreatine,NOR,negative,6
0,True,True,MLP,Pantothenic acid,NOR,negative,7
1,True,True,MLP,Phenylalanine,NOR,negative,7
2,True,True,MLP,Phosphoenolpyruvic acid,NOR,negative,7
3,True,True,MLP,Proline,NOR,negative,7
4,True,False,MLP,Prostaglandin E1,NOR,negative,7
5,True,True,MLP,Pyridoxine,NOR,negative,7
6,True,False,MLP,Quinolinic acid,NOR,negative,7
7,True,True,MLP,Riboflavin,NOR,negative,7
8,True,True,MLP,Ribulose,NOR,negative,7
9,True,True,MLP,Ribulose 5-phosphate,NOR,negative,7
10,True,False,MLP,SM d18:1-16:0,NOR,negative,7
11,False,False,MLP,Phylloquinone,NOR,negative,7
12,False,False,MLP,Propionylcarnitine,NOR,negative,7
13,False,True,MLP,Putrescine,NOR,negative,7
14,False,False,MLP,Pyruvic acid,NOR,negative,7
0,True,True,MLP,Serine,NOR,negative,8
1,True,True,MLP,Serotonin,NOR,negative,8
2,True,True,MLP,Succinic acid,NOR,negative,8
3,True,False,MLP,Sulfo GalCer 18:0(2S-OH),NOR,negative,8
4,True,False,MLP,Taurine,NOR,negative,8
5,True,False,MLP,Taurocholic acid,NOR,negative,8
6,True,True,MLP,Tetrahydrofolic acid,NOR,negative,8
7,True,False,MLP,Thymine,NOR,negative,8
8,True,True,MLP,Tryptophan,NOR,negative,8
9,True,False,MLP,Uracil,NOR,negative,8
10,True,True,MLP,Ureidosuccinic acid,NOR,negative,8
11,False,False,MLP,Retinoic acid,NOR,negative,8
12,False,True,MLP,S-Adenosylhomocysteine,NOR,negative,8
13,False,True,MLP,S-Adenosylmethionine,NOR,negative,8
14,False,False,MLP,Spermidine,NOR,negative,8
0,True,True,MLP,Uric acid,NOR,negative,9
1,True,True,MLP,Uridine,NOR,negative,9
2,True,True,MLP,Uridine diphosphate,NOR,negative,9
3,True,True,MLP,Uridine diphosphate glucose,NOR,negative,9
4,True,True,MLP,Uridine diphosphate glucuronic acid,NOR,negative,9
5,True,True,MLP,Uridine diphosphate-N-acetylglucosamine,NOR,negative,9
6,True,True,MLP,Urocanic acid,NOR,negative,9
7,True,True,MLP,Xanthine,NOR,negative,9
8,True,True,MLP,cis-Aconitic acid,NOR,negative,9
9,True,True,MLP,gamma-Aminobutyric acid,NOR,negative,9
10,True,True,MLP,myo-Inositol,NOR,negative,9
11,False,False,MLP,Thiamine,NOR,negative,9
12,False,True,MLP,Tyrosine,NOR,negative,9
13,False,True,MLP,Valine,NOR,negative,9
14,False,False,MLP,alpha-tocopherol,NOR,negative,9
0,True,False,MLP,4-Hydroxyproline,NOR,positive,0
1,True,False,MLP,5-Hydroxyindoleacetic acid,NOR,positive,0
2,True,False,MLP,Acetyl-CoA,NOR,positive,0
3,True,True,MLP,Acetylcarnitine,NOR,positive,0
4,True,True,MLP,Acetylcholine,NOR,positive,0
5,True,True,MLP,Adenosine diphosphate,NOR,positive,0
6,True,True,MLP,Adenosine monophosphate,NOR,positive,0
7,True,False,MLP,Agmatine,NOR,positive,0
8,True,False,MLP,Arginine,NOR,positive,0
9,True,True,MLP,Argininosuccinic acid,NOR,positive,0
10,False,False,MLP,2-Oxoglutaric acid,NOR,positive,0
11,False,False,MLP,3-Hydroxyanthranilic acid,NOR,positive,0
12,False,False,MLP,3-Hydroxymethylglutaric acid,NOR,positive,0
13,False,False,MLP,3-Phosphoglyceric acid,NOR,positive,0
14,False,False,MLP,"4,5-Dihydroorotic acid",NOR,positive,0
15,False,False,MLP,6-Phosphogluconic acid,NOR,positive,0
16,False,False,MLP,Acetoacetic acid,NOR,positive,0
0,True,False,MLP,Asparagine,NOR,positive,1
1,True,True,MLP,CAR 16:0,NOR,positive,1
2,True,True,MLP,Cardiolipin 18:1,NOR,positive,1
3,True,True,MLP,Carnitine,NOR,positive,1
4,True,True,MLP,Carnosine,NOR,positive,1
5,True,True,MLP,Cer d8:1/22:0 Cer,NOR,positive,1
6,True,False,MLP,Cholesteryl ester 17:0,NOR,positive,1
7,True,True,MLP,Cholic acid,NOR,positive,1
8,True,False,MLP,Choline,NOR,positive,1
9,True,True,MLP,Citric acid,NOR,positive,1
10,False,True,MLP,Adenine,NOR,positive,1
11,False,False,MLP,Ascorbic acid,NOR,positive,1
12,False,False,MLP,Aspartic acid,NOR,positive,1
13,False,True,MLP,Biotin,NOR,positive,1
14,False,False,MLP,Butyric acid,NOR,positive,1
15,False,False,MLP,Cholecalciferol,NOR,positive,1
16,False,False,MLP,Cholesterol,NOR,positive,1
0,True,True,MLP,Citrulline,NOR,positive,2
1,True,True,MLP,Creatine,NOR,positive,2
2,True,True,MLP,Creatinine,NOR,positive,2
3,True,True,MLP,Cyclic adenosine monophosphate,NOR,positive,2
4,True,False,MLP,Cysteine,NOR,positive,2
5,True,True,MLP,Cytidine,NOR,positive,2
6,True,False,MLP,Cytidine monophosphate,NOR,positive,2
7,True,False,MLP,Cytosine,NOR,positive,2
8,True,True,MLP,Dopamine,NOR,positive,2
9,True,True,MLP,Flavin adenine dinucleotide,NOR,positive,2
10,False,True,MLP,Cholesteryl acetate,NOR,positive,2
11,False,True,MLP,Coenzyme A,NOR,positive,2
12,False,True,MLP,Cystine,NOR,positive,2
13,False,True,MLP,DG 18:0-22:6,NOR,positive,2
14,False,False,MLP,Dihydroxyacetone,NOR,positive,2
15,False,False,MLP,Dihydroxyacetone phosphate,NOR,positive,2
16,False,True,MLP,Epinephrine,NOR,positive,2
0,True,True,MLP,Flavin mononucleotide,NOR,positive,3
1,True,True,MLP,Folic acid,NOR,positive,3
2,True,False,MLP,"Fructose 1,6-bisphosphate",NOR,positive,3
3,True,True,MLP,GM3 Ganglioside 18:0,NOR,positive,3
4,True,True,MLP,GlcCer d18:1/18:0,NOR,positive,3
5,True,True,MLP,Glucosamine,NOR,positive,3
6,True,True,MLP,Glucosyl cholesterol,NOR,positive,3
7,True,False,MLP,Glutamic acid,NOR,positive,3
8,True,True,MLP,Glutathione,NOR,positive,3
9,True,True,MLP,Glycerophosphocholine,NOR,positive,3
10,False,True,MLP,Estradiol,NOR,positive,3
11,False,True,MLP,Fumaric acid,NOR,positive,3
12,False,False,MLP,Gluconic acid,NOR,positive,3
13,False,True,MLP,Glucosamine 6-phosphate,NOR,positive,3
14,False,True,MLP,Glucose,NOR,positive,3
15,False,False,MLP,Glucose 6-phosphate,NOR,positive,3
16,False,True,MLP,Glutamine,NOR,positive,3
0,True,False,MLP,Guanine,NOR,positive,4
1,True,True,MLP,Histamine,NOR,positive,4
2,True,False,MLP,Histidine,NOR,positive,4
3,True,False,MLP,Hypoxanthine,NOR,positive,4
4,True,False,MLP,L-Dopa,NOR,positive,4
5,True,True,MLP,Lyso PA 18:1,NOR,positive,4
6,True,True,MLP,Lyso PC 15:0,NOR,positive,4
7,True,True,MLP,Lyso PE 18:0,NOR,positive,4
8,True,True,MLP,Lyso PG 16:0,NOR,positive,4
9,True,True,MLP,Lyso PI 17:1,NOR,positive,4
10,False,False,MLP,Glycerol 3-phosphate,NOR,positive,4
11,False,True,MLP,Glycine,NOR,positive,4
12,False,True,MLP,Homocysteine,NOR,positive,4
13,False,False,MLP,Kynurenic acid,NOR,positive,4
14,False,False,MLP,Kynurenine,NOR,positive,4
15,False,False,MLP,Lactic acid,NOR,positive,4
16,False,True,MLP,Methionine,NOR,positive,4
0,True,True,MLP,Lyso PS 17:1,NOR,positive,5
1,True,False,MLP,MG 18:1,NOR,positive,5
2,True,False,MLP,Malic acid,NOR,positive,5
3,True,False,MLP,Malonic acid,NOR,positive,5
4,True,False,MLP,Melatonin,NOR,positive,5
5,True,True,MLP,N-Acetylaspartylglutamic acid,NOR,positive,5
6,True,True,MLP,N-Acetylglucosamine,NOR,positive,5
7,True,True,MLP,"N6,N6,N6-Trimethyllysine",NOR,positive,5
8,True,True,MLP,Nicotinamide adenine dinucleotide (NAD),NOR,positive,5
9,True,True,MLP,"Nicotinamide adenine dinucleotide, reduced (NADH)",NOR,positive,5
10,False,False,MLP,Mevalonic acid,NOR,positive,5
11,False,False,MLP,Myo-inositol 1-phosphate,NOR,positive,5
12,False,False,MLP,N-Acetylaspartic acid,NOR,positive,5
13,False,False,MLP,N-Acetylgalactosamine 6-phosphate,NOR,positive,5
14,False,True,MLP,Niacinamide,NOR,positive,5
15,False,True,MLP,Nicotinamide ribotide,NOR,positive,5
0,True,False,MLP,Nicotinamide riboside,NOR,positive,6
1,True,True,MLP,Ornithine,NOR,positive,6
2,True,True,MLP,Oxidized glutathione,NOR,positive,6
3,True,True,MLP,PA 16:0-18:1,NOR,positive,6
4,True,True,MLP,PC (O) C16-18:1,NOR,positive,6
5,True,True,MLP,PC 15:0-18:1,NOR,positive,6
6,True,True,MLP,PE 18:0-20:4,NOR,positive,6
7,True,True,MLP,PG 16:0-18:1,NOR,positive,6
8,True,True,MLP,PI 16:0-18:1,NOR,positive,6
9,True,True,MLP,PI(5)P 18:1,NOR,positive,6
10,False,False,MLP,Nicotinic acid,NOR,positive,6
11,False,False,MLP,Orotic acid,NOR,positive,6
12,False,False,MLP,Oxalacetic acid,NOR,positive,6
13,False,False,MLP,Palmitic acid,NOR,positive,6
14,False,False,MLP,Phosphocreatine,NOR,positive,6
15,False,True,MLP,Putrescine,NOR,positive,6
0,True,True,MLP,PS (POPS) 16:0-18:1,NOR,positive,7
1,True,True,MLP,Palmitoyl-CoA,NOR,positive,7
2,True,True,MLP,Pantetheine,NOR,positive,7
3,True,False,MLP,Pantothenic acid,NOR,positive,7
4,True,False,MLP,Phenylalanine,NOR,positive,7
5,True,False,MLP,Phosphoenolpyruvic acid,NOR,positive,7
6,True,False,MLP,Phylloquinone,NOR,positive,7
7,True,False,MLP,Proline,NOR,positive,7
8,True,True,MLP,Propionylcarnitine,NOR,positive,7
9,True,True,MLP,Prostaglandin E1,NOR,positive,7
10,False,False,MLP,Pyruvic acid,NOR,positive,7
11,False,False,MLP,Quinolinic acid,NOR,positive,7
12,False,False,MLP,Retinoic acid,NOR,positive,7
13,False,False,MLP,Ribulose,NOR,positive,7
14,False,False,MLP,Ribulose 5-phosphate,NOR,positive,7
15,False,True,MLP,S-Adenosylmethionine,NOR,positive,7
0,True,True,MLP,Pyridoxine,NOR,positive,8
1,True,True,MLP,Riboflavin,NOR,positive,8
2,True,True,MLP,S-Adenosylhomocysteine,NOR,positive,8
3,True,True,MLP,SM d18:1-16:0,NOR,positive,8
4,True,True,MLP,Serotonin,NOR,positive,8
5,True,True,MLP,Spermidine,NOR,positive,8
6,True,False,MLP,Succinic acid,NOR,positive,8
7,True,False,MLP,TG 15:0-18:1-15:0,NOR,positive,8
8,True,False,MLP,Taurocholic acid,NOR,positive,8
9,True,True,MLP,Tetrahydrofolic acid,NOR,positive,8
10,False,True,MLP,Serine,NOR,positive,8
11,False,False,MLP,Sulfo GalCer 18:0(2S-OH),NOR,positive,8
12,False,False,MLP,Taurine,NOR,positive,8
13,False,True,MLP,Tyrosine,NOR,positive,8
14,False,True,MLP,Uracil,NOR,positive,8
15,False,False,MLP,Ureidosuccinic acid,NOR,positive,8
0,True,True,MLP,Thiamine,NOR,positive,9
1,True,True,MLP,Thymine,NOR,positive,9
2,True,False,MLP,Tryptophan,NOR,positive,9
3,True,True,MLP,Uridine diphosphate,NOR,positive,9
4,True,False,MLP,Uridine diphosphate glucose,NOR,positive,9
5,True,False,MLP,Urocanic acid,NOR,positive,9
6,True,True,MLP,Xanthine,NOR,positive,9
7,True,True,MLP,cis-Aconitic acid,NOR,positive,9
8,True,True,MLP,gamma-Aminobutyric acid,NOR,positive,9
9,True,False,MLP,myo-Inositol,NOR,positive,9
10,False,False,MLP,Uric acid,NOR,positive,9
11,False,True,MLP,Uridine,NOR,positive,9
12,False,True,MLP,Uridine diphosphate glucuronic acid,NOR,positive,9
13,False,True,MLP,Uridine diphosphate-N-acetylglucosamine,NOR,positive,9
14,False,False,MLP,Valine,NOR,positive,9
15,False,False,MLP,alpha-tocopherol,NOR,positive,9
0,True,True,MLP,2-Oxoglutaric acid,pNA,negative,0
1,True,True,MLP,3-Phosphoglyceric acid,pNA,negative,0
2,True,True,MLP,4-Hydroxyproline,pNA,negative,0
3,True,True,MLP,6-Phosphogluconic acid,pNA,negative,0
4,True,True,MLP,Acetyl-CoA,pNA,negative,0
5,True,True,MLP,Adenine,pNA,negative,0
6,True,True,MLP,Arginine,pNA,negative,0
7,True,False,MLP,Argininosuccinic acid,pNA,negative,0
8,True,True,MLP,Ascorbic acid,pNA,negative,0
9,False,True,MLP,3-Hydroxyanthranilic acid,pNA,negative,0
10,False,True,MLP,3-Hydroxymethylglutaric acid,pNA,negative,0
11,False,False,MLP,"4,5-Dihydroorotic acid",pNA,negative,0
12,False,True,MLP,5-Hydroxyindoleacetic acid,pNA,negative,0
13,False,False,MLP,Acetoacetic acid,pNA,negative,0
14,False,False,MLP,Acetylcarnitine,pNA,negative,0
15,False,False,MLP,Acetylcholine,pNA,negative,0
0,True,True,MLP,Asparagine,pNA,negative,1
1,True,True,MLP,Aspartic acid,pNA,negative,1
2,True,True,MLP,Cardiolipin 18:1,pNA,negative,1
3,True,False,MLP,Carnosine,pNA,negative,1
4,True,True,MLP,Citric acid,pNA,negative,1
5,True,True,MLP,Citrulline,pNA,negative,1
6,True,True,MLP,Coenzyme A,pNA,negative,1
7,True,True,MLP,Creatinine,pNA,negative,1
8,True,True,MLP,Cysteine,pNA,negative,1
9,False,True,MLP,Adenosine diphosphate,pNA,negative,1
10,False,False,MLP,Adenosine monophosphate,pNA,negative,1
11,False,False,MLP,Agmatine,pNA,negative,1
12,False,False,MLP,Biotin,pNA,negative,1
13,False,False,MLP,Butyric acid,pNA,negative,1
14,False,False,MLP,CAR 16:0,pNA,negative,1
15,False,False,MLP,Carnitine,pNA,negative,1
0,True,False,MLP,Cytidine,pNA,negative,2
1,True,False,MLP,Cytosine,pNA,negative,2
2,True,True,MLP,Dopamine,pNA,negative,2
3,True,False,MLP,Epinephrine,pNA,negative,2
4,True,True,MLP,Flavin adenine dinucleotide,pNA,negative,2
5,True,False,MLP,Folic acid,pNA,negative,2
6,True,True,MLP,Fumaric acid,pNA,negative,2
7,True,True,MLP,GM3 Ganglioside 18:0,pNA,negative,2
8,True,False,MLP,GlcCer d18:1/18:0,pNA,negative,2
9,False,False,MLP,Cer d8:1/22:0 Cer,pNA,negative,2
10,False,False,MLP,Cholecalciferol,pNA,negative,2
11,False,False,MLP,Cholesterol,pNA,negative,2
12,False,False,MLP,Cholic acid,pNA,negative,2
13,False,False,MLP,Choline,pNA,negative,2
14,False,True,MLP,Creatine,pNA,negative,2
15,False,False,MLP,Cyclic adenosine monophosphate,pNA,negative,2
0,True,True,MLP,Gluconic acid,pNA,negative,3
1,True,True,MLP,Glucosamine 6-phosphate,pNA,negative,3
2,True,True,MLP,Glucose,pNA,negative,3
3,True,True,MLP,Glucose 6-phosphate,pNA,negative,3
4,True,True,MLP,Glucosyl cholesterol,pNA,negative,3
5,True,True,MLP,Glutamic acid,pNA,negative,3
6,True,True,MLP,Glutamine,pNA,negative,3
7,True,True,MLP,Glutathione,pNA,negative,3
8,True,True,MLP,Guanine,pNA,negative,3
9,False,True,MLP,Cystine,pNA,negative,3
10,False,False,MLP,Cytidine monophosphate,pNA,negative,3
11,False,True,MLP,Dihydroxyacetone,pNA,negative,3
12,False,False,MLP,Dihydroxyacetone phosphate,pNA,negative,3
13,False,False,MLP,Estradiol,pNA,negative,3
14,False,True,MLP,Flavin mononucleotide,pNA,negative,3
15,False,True,MLP,"Fructose 1,6-bisphosphate",pNA,negative,3
0,True,False,MLP,Histamine,pNA,negative,4
1,True,True,MLP,Histidine,pNA,negative,4
2,True,True,MLP,Homocysteine,pNA,negative,4
3,True,True,MLP,Hypoxanthine,pNA,negative,4
4,True,False,MLP,Kynurenic acid,pNA,negative,4
5,True,True,MLP,Kynurenine,pNA,negative,4
6,True,True,MLP,L-Dopa,pNA,negative,4
7,True,False,MLP,Lyso PA 18:1,pNA,negative,4
8,True,True,MLP,Lyso PG 16:0,pNA,negative,4
9,False,True,MLP,Glucosamine,pNA,negative,4
10,False,True,MLP,Glycerol 3-phosphate,pNA,negative,4
11,False,False,MLP,Glycerophosphocholine,pNA,negative,4
12,False,True,MLP,Glycine,pNA,negative,4
13,False,True,MLP,Lactic acid,pNA,negative,4
14,False,False,MLP,Lyso PC 15:0,pNA,negative,4
15,False,True,MLP,Lyso PE 18:0,pNA,negative,4
0,True,True,MLP,Lyso PI 17:1,pNA,negative,5
1,True,True,MLP,Lyso PS 17:1,pNA,negative,5
2,True,False,MLP,Malic acid,pNA,negative,5
3,True,False,MLP,Malonic acid,pNA,negative,5
4,True,True,MLP,Methionine,pNA,negative,5
5,True,False,MLP,Mevalonic acid,pNA,negative,5
6,True,True,MLP,Myo-inositol 1-phosphate,pNA,negative,5
7,True,False,MLP,N-Acetylaspartic acid,pNA,negative,5
8,True,False,MLP,N-Acetylaspartylglutamic acid,pNA,negative,5
9,False,False,MLP,MG 18:1,pNA,negative,5
10,False,False,MLP,Melatonin,pNA,negative,5
11,False,False,MLP,N-Acetylgalactosamine 6-phosphate,pNA,negative,5
12,False,True,MLP,Niacinamide,pNA,negative,5
13,False,True,MLP,Nicotinamide adenine dinucleotide (NAD),pNA,negative,5
14,False,False,MLP,Nicotinamide riboside,pNA,negative,5
15,False,False,MLP,Nicotinamide ribotide,pNA,negative,5
0,True,True,MLP,N-Acetylglucosamine,pNA,negative,6
1,True,True,MLP,"N6,N6,N6-Trimethyllysine",pNA,negative,6
2,True,True,MLP,"Nicotinamide adenine dinucleotide, reduced (NADH)",pNA,negative,6
3,True,True,MLP,Ornithine,pNA,negative,6
4,True,True,MLP,Oxidized glutathione,pNA,negative,6
5,True,True,MLP,PA 16:0-18:1,pNA,negative,6
6,True,True,MLP,PE 18:0-20:4,pNA,negative,6
7,True,True,MLP,PG 16:0-18:1,pNA,negative,6
8,True,True,MLP,PI 16:0-18:1,pNA,negative,6
9,False,False,MLP,Nicotinic acid,pNA,negative,6
10,False,False,MLP,Orotic acid,pNA,negative,6
11,False,True,MLP,Oxalacetic acid,pNA,negative,6
12,False,True,MLP,PC (O) C16-18:1,pNA,negative,6
13,False,True,MLP,PC 15:0-18:1,pNA,negative,6
14,False,False,MLP,Phosphocreatine,pNA,negative,6
15,False,False,MLP,Phylloquinone,pNA,negative,6
0,True,True,MLP,PI(5)P 18:1,pNA,negative,7
1,True,True,MLP,PS (POPS) 16:0-18:1,pNA,negative,7
2,True,False,MLP,Palmitic acid,pNA,negative,7
3,True,True,MLP,Palmitoyl-CoA,pNA,negative,7
4,True,False,MLP,Pantetheine,pNA,negative,7
5,True,True,MLP,Pantothenic acid,pNA,negative,7
6,True,True,MLP,Phenylalanine,pNA,negative,7
7,True,True,MLP,Phosphoenolpyruvic acid,pNA,negative,7
8,True,True,MLP,Proline,pNA,negative,7
9,False,False,MLP,Propionylcarnitine,pNA,negative,7
10,False,False,MLP,Prostaglandin E1,pNA,negative,7
11,False,False,MLP,Putrescine,pNA,negative,7
12,False,False,MLP,Pyruvic acid,pNA,negative,7
13,False,False,MLP,Retinoic acid,pNA,negative,7
14,False,True,MLP,Riboflavin,pNA,negative,7
15,False,False,MLP,S-Adenosylhomocysteine,pNA,negative,7
0,True,True,MLP,Pyridoxine,pNA,negative,8
1,True,False,MLP,Quinolinic acid,pNA,negative,8
2,True,True,MLP,Ribulose,pNA,negative,8
3,True,True,MLP,Ribulose 5-phosphate,pNA,negative,8
4,True,True,MLP,SM d18:1-16:0,pNA,negative,8
5,True,True,MLP,Serine,pNA,negative,8
6,True,True,MLP,Succinic acid,pNA,negative,8
7,True,True,MLP,Sulfo GalCer 18:0(2S-OH),pNA,negative,8
8,True,True,MLP,Taurine,pNA,negative,8
9,False,False,MLP,S-Adenosylmethionine,pNA,negative,8
10,False,True,MLP,Serotonin,pNA,negative,8
11,False,False,MLP,Spermidine,pNA,negative,8
12,False,True,MLP,Taurocholic acid,pNA,negative,8
13,False,True,MLP,Tetrahydrofolic acid,pNA,negative,8
14,False,False,MLP,Thiamine,pNA,negative,8
15,False,False,MLP,Thymine,pNA,negative,8
0,True,True,MLP,Tyrosine,pNA,negative,9
1,True,True,MLP,Ureidosuccinic acid,pNA,negative,9
2,True,True,MLP,Uridine diphosphate glucose,pNA,negative,9
3,True,True,MLP,Uridine diphosphate-N-acetylglucosamine,pNA,negative,9
4,True,True,MLP,Valine,pNA,negative,9
5,True,True,MLP,Xanthine,pNA,negative,9
6,True,True,MLP,cis-Aconitic acid,pNA,negative,9
7,True,True,MLP,gamma-Aminobutyric acid,pNA,negative,9
8,True,True,MLP,myo-Inositol,pNA,negative,9
9,False,True,MLP,Tryptophan,pNA,negative,9
10,False,False,MLP,Uracil,pNA,negative,9
11,False,False,MLP,Uric acid,pNA,negative,9
12,False,True,MLP,Uridine,pNA,negative,9
13,False,True,MLP,Uridine diphosphate,pNA,negative,9
14,False,True,MLP,Uridine diphosphate glucuronic acid,pNA,negative,9
15,False,False,MLP,Urocanic acid,pNA,negative,9
0,True,False,MLP,"4,5-Dihydroorotic acid",pNA,positive,0
1,True,True,MLP,4-Hydroxyproline,pNA,positive,0
2,True,False,MLP,5-Hydroxyindoleacetic acid,pNA,positive,0
3,True,False,MLP,Acetyl-CoA,pNA,positive,0
4,True,True,MLP,Acetylcarnitine,pNA,positive,0
5,True,False,MLP,Acetylcholine,pNA,positive,0
6,True,True,MLP,Adenine,pNA,positive,0
7,True,True,MLP,Adenosine monophosphate,pNA,positive,0
8,True,True,MLP,Agmatine,pNA,positive,0
9,True,True,MLP,Arginine,pNA,positive,0
10,True,True,MLP,Argininosuccinic acid,pNA,positive,0
11,True,False,MLP,Ascorbic acid,pNA,positive,0
12,True,True,MLP,Asparagine,pNA,positive,0
13,False,False,MLP,2-Oxoglutaric acid,pNA,positive,0
14,False,True,MLP,3-Hydroxyanthranilic acid,pNA,positive,0
15,False,False,MLP,3-Hydroxymethylglutaric acid,pNA,positive,0
16,False,False,MLP,3-Phosphoglyceric acid,pNA,positive,0
0,True,True,MLP,Aspartic acid,pNA,positive,1
1,True,True,MLP,Biotin,pNA,positive,1
2,True,True,MLP,CAR 16:0,pNA,positive,1
3,True,True,MLP,Cardiolipin 18:1,pNA,positive,1
4,True,True,MLP,Carnitine,pNA,positive,1
5,True,True,MLP,Carnosine,pNA,positive,1
6,True,False,MLP,Cer d8:1/22:0 Cer,pNA,positive,1
7,True,False,MLP,Cholesteryl ester 17:0,pNA,positive,1
8,True,True,MLP,Cholic acid,pNA,positive,1
9,True,False,MLP,Choline,pNA,positive,1
10,True,False,MLP,Citric acid,pNA,positive,1
11,True,True,MLP,Citrulline,pNA,positive,1
12,True,False,MLP,Coenzyme A,pNA,positive,1
13,False,False,MLP,6-Phosphogluconic acid,pNA,positive,1
14,False,False,MLP,Acetoacetic acid,pNA,positive,1
15,False,True,MLP,Adenosine diphosphate,pNA,positive,1
16,False,False,MLP,Butyric acid,pNA,positive,1
0,True,True,MLP,Creatine,pNA,positive,2
1,True,True,MLP,Creatinine,pNA,positive,2
2,True,True,MLP,Cyclic adenosine monophosphate,pNA,positive,2
3,True,True,MLP,Cysteine,pNA,positive,2
4,True,True,MLP,Cytidine,pNA,positive,2
5,True,True,MLP,Cytidine monophosphate,pNA,positive,2
6,True,False,MLP,Cytosine,pNA,positive,2
7,True,True,MLP,Dopamine,pNA,positive,2
8,True,True,MLP,Epinephrine,pNA,positive,2
9,True,True,MLP,Estradiol,pNA,positive,2
10,True,False,MLP,Flavin adenine dinucleotide,pNA,positive,2
11,True,True,MLP,Flavin mononucleotide,pNA,positive,2
12,True,True,MLP,Folic acid,pNA,positive,2
13,False,False,MLP,Cholecalciferol,pNA,positive,2
14,False,False,MLP,Cholesterol,pNA,positive,2
15,False,False,MLP,Cholesteryl acetate,pNA,positive,2
16,False,True,MLP,Cystine,pNA,positive,2
0,True,True,MLP,GM3 Ganglioside 18:0,pNA,positive,3
1,True,True,MLP,GlcCer d18:1/18:0,pNA,positive,3
2,True,False,MLP,Gluconic acid,pNA,positive,3
3,True,True,MLP,Glucosamine,pNA,positive,3
4,True,False,MLP,Glucosamine 6-phosphate,pNA,positive,3
5,True,True,MLP,Glucose,pNA,positive,3
6,True,False,MLP,Glucose 6-phosphate,pNA,positive,3
7,True,True,MLP,Glucosyl cholesterol,pNA,positive,3
8,True,True,MLP,Glutamic acid,pNA,positive,3
9,True,True,MLP,Glutamine,pNA,positive,3
10,True,True,MLP,Glutathione,pNA,positive,3
11,True,True,MLP,Glycerophosphocholine,pNA,positive,3
12,True,True,MLP,Glycine,pNA,positive,3
13,False,True,MLP,DG 18:0-22:6,pNA,positive,3
14,False,True,MLP,Dihydroxyacetone,pNA,positive,3
15,False,False,MLP,Dihydroxyacetone phosphate,pNA,positive,3
16,False,True,MLP,"Fructose 1,6-bisphosphate",pNA,positive,3
0,True,True,MLP,Guanine,pNA,positive,4
1,True,True,MLP,Histamine,pNA,positive,4
2,True,True,MLP,Histidine,pNA,positive,4
3,True,True,MLP,Homocysteine,pNA,positive,4
4,True,True,MLP,Hypoxanthine,pNA,positive,4
5,True,True,MLP,Kynurenic acid,pNA,positive,4
6,True,True,MLP,Kynurenine,pNA,positive,4
7,True,True,MLP,L-Dopa,pNA,positive,4
8,True,True,MLP,Lyso PA 18:1,pNA,positive,4
9,True,True,MLP,Lyso PC 15:0,pNA,positive,4
10,True,True,MLP,Lyso PE 18:0,pNA,positive,4
11,True,True,MLP,Lyso PG 16:0,pNA,positive,4
12,True,True,MLP,Lyso PI 17:1,pNA,positive,4
13,False,False,MLP,Fumaric acid,pNA,positive,4
14,False,False,MLP,Glycerol 3-phosphate,pNA,positive,4
15,False,False,MLP,Lactic acid,pNA,positive,4
16,False,True,MLP,MG 18:1,pNA,positive,4
0,True,True,MLP,Lyso PS 17:1,pNA,positive,5
1,True,False,MLP,Malic acid,pNA,positive,5
2,True,False,MLP,Melatonin,pNA,positive,5
3,True,True,MLP,Methionine,pNA,positive,5
4,True,False,MLP,N-Acetylaspartic acid,pNA,positive,5
5,True,True,MLP,N-Acetylaspartylglutamic acid,pNA,positive,5
6,True,True,MLP,N-Acetylgalactosamine 6-phosphate,pNA,positive,5
7,True,True,MLP,N-Acetylglucosamine,pNA,positive,5
8,True,True,MLP,"N6,N6,N6-Trimethyllysine",pNA,positive,5
9,True,True,MLP,Nicotinamide adenine dinucleotide (NAD),pNA,positive,5
10,True,True,MLP,Nicotinamide riboside,pNA,positive,5
11,True,True,MLP,Nicotinamide ribotide,pNA,positive,5
12,False,False,MLP,Malonic acid,pNA,positive,5
13,False,False,MLP,Mevalonic acid,pNA,positive,5
14,False,True,MLP,Myo-inositol 1-phosphate,pNA,positive,5
15,False,False,MLP,Niacinamide,pNA,positive,5
0,True,True,MLP,Ornithine,pNA,positive,6
1,True,True,MLP,Oxidized glutathione,pNA,positive,6
2,True,True,MLP,PA 16:0-18:1,pNA,positive,6
3,True,True,MLP,PC (O) C16-18:1,pNA,positive,6
4,True,True,MLP,PC 15:0-18:1,pNA,positive,6
5,True,True,MLP,PE 18:0-20:4,pNA,positive,6
6,True,True,MLP,PG 16:0-18:1,pNA,positive,6
7,True,True,MLP,PI 16:0-18:1,pNA,positive,6
8,True,True,MLP,PI(5)P 18:1,pNA,positive,6
9,True,True,MLP,PS (POPS) 16:0-18:1,pNA,positive,6
10,True,True,MLP,Palmitoyl-CoA,pNA,positive,6
11,True,True,MLP,Pantetheine,pNA,positive,6
12,False,True,MLP,"Nicotinamide adenine dinucleotide, reduced (NADH)",pNA,positive,6
13,False,False,MLP,Nicotinic acid,pNA,positive,6
14,False,False,MLP,Orotic acid,pNA,positive,6
15,False,False,MLP,Oxalacetic acid,pNA,positive,6
0,True,True,MLP,Pantothenic acid,pNA,positive,7
1,True,True,MLP,Phenylalanine,pNA,positive,7
2,True,True,MLP,Proline,pNA,positive,7
3,True,True,MLP,Propionylcarnitine,pNA,positive,7
4,True,True,MLP,Prostaglandin E1,pNA,positive,7
5,True,True,MLP,Putrescine,pNA,positive,7
6,True,True,MLP,Pyridoxine,pNA,positive,7
7,True,False,MLP,Quinolinic acid,pNA,positive,7
8,True,True,MLP,Retinoic acid,pNA,positive,7
9,True,True,MLP,Riboflavin,pNA,positive,7
10,True,False,MLP,Ribulose 5-phosphate,pNA,positive,7
11,True,True,MLP,S-Adenosylhomocysteine,pNA,positive,7
12,False,True,MLP,Palmitic acid,pNA,positive,7
13,False,False,MLP,Phosphocreatine,pNA,positive,7
14,False,False,MLP,Phosphoenolpyruvic acid,pNA,positive,7
15,False,True,MLP,Phylloquinone,pNA,positive,7
0,True,True,MLP,S-Adenosylmethionine,pNA,positive,8
1,True,True,MLP,SM d18:1-16:0,pNA,positive,8
2,True,True,MLP,Serine,pNA,positive,8
3,True,True,MLP,Spermidine,pNA,positive,8
4,True,True,MLP,Sulfo GalCer 18:0(2S-OH),pNA,positive,8
5,True,False,MLP,TG 15:0-18:1-15:0,pNA,positive,8
6,True,True,MLP,Taurine,pNA,positive,8
7,True,True,MLP,Taurocholic acid,pNA,positive,8
8,True,True,MLP,Tetrahydrofolic acid,pNA,positive,8
9,True,True,MLP,Thiamine,pNA,positive,8
10,True,False,MLP,Thymine,pNA,positive,8
11,True,True,MLP,Tryptophan,pNA,positive,8
12,False,False,MLP,Pyruvic acid,pNA,positive,8
13,False,True,MLP,Ribulose,pNA,positive,8
14,False,True,MLP,Serotonin,pNA,positive,8
15,False,False,MLP,Succinic acid,pNA,positive,8
0,True,True,MLP,Tyrosine,pNA,positive,9
1,True,False,MLP,Ureidosuccinic acid,pNA,positive,9
2,True,True,MLP,Uridine,pNA,positive,9
3,True,True,MLP,Uridine diphosphate,pNA,positive,9
4,True,True,MLP,Uridine diphosphate glucose,pNA,positive,9
5,True,True,MLP,Uridine diphosphate-N-acetylglucosamine,pNA,positive,9
6,True,True,MLP,Valine,pNA,positive,9
7,True,True,MLP,Xanthine,pNA,positive,9
8,True,True,MLP,alpha-tocopherol,pNA,positive,9
9,True,False,MLP,cis-Aconitic acid,pNA,positive,9
10,True,True,MLP,gamma-Aminobutyric acid,pNA,positive,9
11,True,True,MLP,myo-Inositol,pNA,positive,9
12,False,False,MLP,Uracil,pNA,positive,9
13,False,True,MLP,Uric acid,pNA,positive,9
14,False,True,MLP,Uridine diphosphate glucuronic acid,pNA,positive,9
15,False,False,MLP,Urocanic acid,pNA,positive,9
